1348.099715 1350.610586
1348.526032 1350.869227
1346.848484 1349.415931
1349.989873 1352.323735
1352.523700 1353.637228
1346.924661 1349.449829
1346.083538 1350.325093
1350.425600 1352.819338
1351.577461 1351.973284
1351.033335 1351.028237
1346.972245 1346.533646
1347.326019 1346.721116
1350.981890 1350.186931
1349.214829 1351.876117
1349.783495 1352.205975
1350.321062 1348.888109
1347.992833 1350.651913
1347.822064 1350.003544
1346.241854 1348.717079
1345.282081 1350.348703
1346.203417 1351.364754
1343.407264 1351.357297
1343.311268 1351.688390
1349.347164 1351.506979
1355.657185 1351.556329
1340.530587 1343.422157
1338.735582 1341.034567
1352.985838 1347.457414
1345.634628 1348.112053
1342.490796 1344.829925
1342.183660 1345.089118
1337.003795 1348.878608
1334.880996 1346.993025
1337.334450 1349.883711
1344.385850 1346.571509
1351.925017 1343.288228
1338.033543 1340.609269
1335.429187 1336.705765
1341.907172 1344.790362
1345.064038 1343.491442
1355.069094 1329.566721
1340.254758 1348.841214
1347.163634 1348.012108
1360.987647 1363.667848
1338.771790 1391.549402
1276.158243 1369.187554
1455.587525 1392.411176
1253.869129 1519.307458
1087.035032 1482.728383
1352.169134 1351.161550
1352.271025 1351.090807
1350.593476 1349.637511
1353.734866 1352.545315
1356.268692 1353.858808
1350.669653 1349.671409
1349.828531 1350.546673
1354.170592 1353.040918
1355.322453 1352.194864
1354.778327 1351.249817
1350.717237 1346.755226
1351.071011 1346.942696
1354.726882 1350.408511
1352.959822 1352.097697
1353.528487 1352.427555
1354.066054 1349.109689
1351.737826 1350.873493
1351.567056 1350.225124
1349.986846 1348.938659
1349.027073 1350.570283
1349.948409 1351.586334
1347.152256 1351.578877
1347.056261 1351.909970
1353.092156 1351.728560
1359.402178 1351.777909
1344.275579 1343.643737
1342.480574 1341.256147
1356.730830 1347.678994
1349.379621 1348.333633
1346.235789 1345.051505
1345.928652 1345.310698
1340.748788 1349.100188
1338.625988 1347.214605
1341.079442 1350.105291
1348.130842 1346.793089
1355.670009 1343.509808
1341.778535 1340.830849
1339.174179 1336.927345
1345.652164 1345.011942
1348.809030 1343.713022
1358.814086 1329.788301
1343.999750 1349.062794
1350.908627 1348.233688
1364.732640 1363.889428
1342.516783 1391.770982
1279.903235 1369.409134
1459.332517 1392.632756
1257.614121 1519.529038
1090.780025 1482.949963
1353.178166 1349.636182
1353.280057 1349.565439
1352.014526 1348.870834
1355.155916 1351.778638
1357.689742 1353.092131
1352.090703 1348.904732
1351.249581 1349.779997
1355.591642 1352.274241
1356.743503 1351.428187
1356.199377 1350.483141
1352.138287 1345.988549
1352.492061 1346.176019
1356.147932 1349.641834
1354.380871 1351.331020
1354.949537 1351.660879
1355.487104 1348.343012
1353.158876 1350.106816
1352.988106 1349.458447
1351.407896 1348.171982
1350.448123 1349.803606
1351.369459 1350.819658
1348.573306 1350.812201
1348.477311 1351.143294
1354.513206 1350.961883
1360.823227 1351.011233
1345.696629 1342.877060
1343.901624 1340.489470
1358.151880 1346.912317
1350.800671 1347.566956
1347.656839 1344.284828
1347.349702 1344.544022
1342.169837 1348.333511
1340.047038 1346.447929
1342.500492 1349.338614
1349.551892 1346.026412
1357.091059 1342.743131
1343.199585 1340.064173
1340.595229 1336.160668
1347.073214 1344.245265
1350.230080 1342.946345
1360.235136 1329.021624
1345.420800 1348.296117
1352.329676 1347.467011
1366.153690 1363.122751
1343.937833 1391.004305
1281.324285 1368.642457
1460.753567 1391.866080
1259.035171 1518.762361
1092.201075 1482.183286
1345.694135 1350.104015
1345.781726 1350.533323
1344.516195 1349.838718
1347.671885 1352.246471
1350.205711 1353.559964
1344.606672 1349.372565
1343.765550 1350.247829
1348.107611 1352.742074
1349.259472 1351.896020
1348.715346 1350.950974
1344.654256 1346.456382
1345.008030 1346.643852
1348.663901 1350.109667
1346.896841 1351.798853
1347.465506 1352.128711
1348.003074 1348.810845
1345.674845 1350.574649
1345.504075 1349.926280
1343.923865 1348.639815
1342.964092 1350.271439
1343.885428 1351.287490
1341.089275 1351.280034
1340.993280 1351.611127
1347.029176 1351.429716
1353.339197 1351.479065
1338.212598 1343.344893
1336.417594 1340.957303
1350.667849 1347.380150
1343.316640 1348.034789
1340.172808 1344.752661
1339.865671 1345.011854
1334.685807 1348.801344
1332.563008 1346.915762
1335.016461 1349.806447
1342.067862 1346.494245
1349.607028 1343.210964
1335.715554 1340.532005
1333.111199 1336.628501
1339.589183 1344.713098
1342.746050 1343.414178
1352.751106 1329.489457
1337.936770 1348.763950
1344.845646 1347.934844
1358.669659 1363.590584
1336.453802 1391.472138
1273.840254 1369.110290
1453.269536 1392.333913
1251.551140 1519.230194
1084.717044 1482.651119
1349.592334 1351.467744
1349.679925 1351.897052
1350.106243 1352.155692
1353.261932 1354.563445
1354.103910 1354.923693
1348.504871 1350.736294
1347.663748 1351.611558
1352.005810 1354.105803
1353.157671 1353.259749
1352.613545 1352.314702
1348.552455 1347.820111
1348.906229 1348.007581
1352.562100 1351.473396
1350.795039 1353.162582
1351.363705 1353.492440
1351.901272 1350.174574
1349.573044 1351.938378
1349.402274 1351.290009
1347.822064 1350.003544
1346.862291 1351.635168
1347.783627 1352.651219
1344.987474 1352.643763
1344.891478 1352.974855
1350.927374 1352.793445
1357.237395 1352.842794
1342.110797 1344.708622
1340.315792 1342.321032
1354.566048 1348.743879
1347.214838 1349.398518
1344.071006 1346.116390
1343.763870 1346.375583
1338.584005 1350.165073
1336.461206 1348.279490
1338.914660 1351.170176
1345.966060 1347.857974
1353.505227 1344.574693
1339.613753 1341.895734
1337.009397 1337.992230
1343.487382 1346.076827
1346.644248 1344.777907
1356.649304 1330.853186
1341.834968 1350.127679
1348.743844 1349.298573
1362.567857 1364.954313
1340.352001 1392.835867
1277.738453 1370.474019
1457.167735 1393.697641
1255.449339 1520.593923
1088.615242 1484.014848
1350.604400 1350.013401
1350.691991 1350.442708
1351.118308 1350.701349
1349.440760 1349.248053
1350.282737 1349.608301
1349.516937 1349.281951
1348.675814 1350.157215
1353.017876 1352.651460
1354.169737 1351.805406
1353.625611 1350.860359
1349.564521 1346.365768
1349.918295 1346.553238
1353.574165 1350.019053
1351.807105 1351.708239
1352.375771 1352.038097
1352.913338 1348.720231
1350.585110 1350.484035
1350.414340 1349.835666
1348.834130 1348.549201
1347.874357 1350.180825
1348.795693 1351.196876
1345.999540 1351.189420
1345.903544 1351.520512
1351.939440 1351.339102
1358.249461 1351.388451
1343.122863 1343.254279
1341.327858 1340.866689
1355.578114 1347.289536
1348.226904 1347.944175
1345.083072 1344.662047
1344.775936 1344.921240
1339.596071 1348.710730
1337.473272 1346.825147
1339.926726 1349.715833
1346.978126 1346.403631
1354.517293 1343.120350
1340.625819 1340.441391
1338.021463 1336.537887
1344.499447 1344.622484
1347.656314 1343.323564
1357.661370 1329.398843
1342.847034 1348.673336
1349.755910 1347.844230
1363.579923 1363.499970
1341.364067 1391.381524
1278.750519 1369.019676
1458.179801 1392.243298
1256.461405 1519.139580
1089.627308 1482.560505
1354.523258 1342.837198
1354.610848 1343.266506
1355.037166 1343.525146
1353.359618 1342.071851
1356.501007 1344.979654
1355.735207 1344.653304
1352.594672 1342.981013
1356.936733 1345.475258
1358.088595 1344.629203
1357.544468 1343.684157
1353.483378 1339.189565
1353.837152 1339.377036
1357.493023 1342.842850
1355.725963 1344.532036
1356.294629 1344.861895
1356.832196 1341.544029
1354.503967 1343.307832
1354.333198 1342.659463
1352.752988 1341.372998
1351.793214 1343.004623
1352.714551 1344.020674
1349.918397 1344.013217
1349.822402 1344.344310
1355.858298 1344.162899
1362.168319 1344.212249
1347.041720 1336.078077
1345.246716 1333.690487
1359.496971 1340.113334
1352.145762 1340.767972
1349.001930 1337.485844
1348.694793 1337.745038
1343.514929 1341.534528
1341.392130 1339.648945
1343.845583 1342.539630
1350.896984 1339.227429
1358.436150 1335.944148
1344.544676 1333.265189
1341.940321 1329.361684
1348.418305 1337.446281
1351.575172 1336.147361
1361.580228 1322.222641
1346.765892 1341.497134
1353.674768 1340.668028
1367.498781 1356.323767
1345.282924 1384.205322
1282.669376 1361.843474
1462.098658 1385.067096
1260.380262 1511.963378
1093.546166 1475.384303
1348.912551 1349.060156
1349.000142 1349.489463
1349.426460 1349.748104
1347.748911 1348.294808
1350.890301 1351.202612
1353.424127 1352.516105
1350.283592 1350.843813
1351.326027 1351.698215
1352.477888 1350.852161
1351.933762 1349.907114
1347.872672 1345.412523
1348.226446 1345.599993
1351.882317 1349.065808
1350.115256 1350.754994
1350.683922 1351.084852
1351.221489 1347.766986
1348.893261 1349.530789
1348.722491 1348.882421
1347.142281 1347.595956
1346.182508 1349.227580
1347.103844 1350.243631
1344.307691 1350.236174
1344.211696 1350.567267
1350.247591 1350.385856
1356.557612 1350.435206
1341.431014 1342.301034
1339.636009 1339.913444
1353.886265 1346.336291
1346.535055 1346.990930
1343.391223 1343.708802
1343.084087 1343.967995
1337.904222 1347.757485
1335.781423 1345.871902
1338.234877 1348.762588
1345.286277 1345.450386
1352.825444 1342.167105
1338.933970 1339.488146
1336.329614 1335.584641
1342.807599 1343.669239
1345.964465 1342.370319
1355.969521 1328.445598
1341.155185 1347.720091
1348.064061 1346.890985
1361.888074 1362.546724
1339.672218 1390.428279
1277.058670 1368.066431
1456.487952 1391.290053
1254.769556 1518.186335
1087.935460 1481.607260
1355.147486 1351.577773
1355.235077 1352.007080
1355.661395 1352.265721
1353.983846 1350.812425
1357.125236 1353.720229
1359.659062 1355.033722
1354.060023 1350.846322
1355.102458 1351.700724
1358.712823 1353.369778
1358.168697 1352.424731
1354.107607 1347.930139
1354.461381 1348.117610
1358.117252 1351.583425
1356.350191 1353.272611
1356.918857 1353.602469
1357.456424 1350.284603
1355.128196 1352.048406
1354.957426 1351.400038
1353.377216 1350.113573
1352.417443 1351.745197
1353.338779 1352.761248
1350.542626 1352.753791
1350.446631 1353.084884
1356.482526 1352.903473
1362.792547 1352.952823
1347.665949 1344.818651
1345.870944 1342.431061
1360.121200 1348.853908
1352.769991 1349.508547
1349.626159 1346.226419
1349.319022 1346.485612
1344.139157 1350.275102
1342.016358 1348.389519
1344.469812 1351.280204
1351.521212 1347.968003
1359.060379 1344.684722
1345.168905 1342.005763
1342.564549 1338.102258
1349.042534 1346.186855
1352.199400 1344.887935
1362.204456 1330.963215
1347.390120 1350.237708
1354.298996 1349.408602
1368.123010 1365.064341
1345.907153 1392.945896
1283.293605 1370.584048
1462.722887 1393.807670
1261.004491 1520.703952
1094.170395 1484.124877
1350.622737 1344.906231
1350.710328 1345.335538
1351.136645 1345.594179
1349.459097 1344.140883
1352.600486 1347.048687
1355.134313 1348.362180
1349.535274 1344.174781
1348.694151 1345.050045
1352.304517 1346.719098
1353.643948 1345.753189
1349.582857 1341.258598
1349.936632 1341.446068
1353.592502 1344.911883
1351.825442 1346.601069
1352.394108 1346.930927
1352.931675 1343.613061
1350.603446 1345.376864
1350.432677 1344.728496
1348.852467 1343.442031
1347.892694 1345.073655
1348.814030 1346.089706
1346.017876 1346.082249
1345.921881 1346.413342
1351.957777 1346.231931
1358.267798 1346.281281
1343.141200 1338.147109
1341.346195 1335.759519
1355.596450 1342.182366
1348.245241 1342.837005
1345.101409 1339.554877
1344.794273 1339.814070
1339.614408 1343.603560
1337.491609 1341.717977
1339.945063 1344.608663
1346.996463 1341.296461
1354.535629 1338.013180
1340.644156 1335.334221
1338.039800 1331.430716
1344.517784 1339.515314
1347.674651 1338.216394
1357.679707 1324.291673
1342.865371 1343.566166
1349.774247 1342.737060
1363.598260 1358.392799
1341.382403 1386.274354
1278.768856 1363.912506
1458.198138 1387.136128
1256.479742 1514.032410
1089.645645 1477.453335
1337.907323 1363.439597
1337.994914 1363.868904
1338.421231 1364.127544
1336.743683 1362.674249
1339.885072 1365.582052
1342.418899 1366.895545
1336.819860 1362.708146
1335.978737 1363.583411
1340.320799 1366.077656
1341.660229 1365.111747
1336.867444 1359.791963
1337.221218 1359.979434
1340.877088 1363.445248
1339.110028 1365.134434
1339.678694 1365.464293
1340.216261 1362.146427
1337.888033 1363.910230
1337.717263 1363.261862
1336.137053 1361.975396
1335.177280 1363.607021
1336.098616 1364.623072
1333.302463 1364.615615
1333.206467 1364.946708
1339.242363 1364.765297
1345.552384 1364.814647
1330.425786 1356.680475
1328.630781 1354.292885
1342.881037 1360.715731
1335.529827 1361.370371
1332.385995 1358.088242
1332.078859 1358.347436
1326.898994 1362.136926
1324.776195 1360.251343
1327.229649 1363.142028
1334.281049 1359.829827
1341.820216 1356.546546
1327.928742 1353.867587
1325.324386 1349.964082
1331.802370 1358.048679
1334.959237 1356.749759
1344.964293 1342.825039
1330.149957 1362.099532
1337.058833 1361.270425
1350.882846 1376.926165
1328.666989 1404.807720
1266.053442 1382.445871
1445.482724 1405.669494
1243.764328 1532.565776
1076.930231 1495.986701
1351.366391 1344.136118
1351.453982 1344.565426
1351.880300 1344.824066
1350.202751 1343.370771
1353.344141 1346.278574
1355.877967 1347.592067
1350.278928 1343.404668
1349.437806 1344.279933
1353.779867 1346.774178
1354.931728 1345.928123
1350.138943 1340.608340
1350.680286 1340.675956
1354.336157 1344.141770
1352.569096 1345.830956
1353.137762 1346.160815
1353.675329 1342.842949
1351.347101 1344.606752
1351.176331 1343.958383
1349.596121 1342.671918
1348.636348 1344.303543
1349.557684 1345.319594
1346.761531 1345.312137
1346.665536 1345.643230
1352.701431 1345.461819
1359.011452 1345.511169
1343.884854 1337.376997
1342.089849 1334.989407
1356.340105 1341.412253
1348.988896 1342.066892
1345.845064 1338.784764
1345.537927 1339.043958
1340.358062 1342.833448
1338.235263 1340.947865
1340.688717 1343.838550
1347.740117 1340.526349
1355.279284 1337.243068
1341.387810 1334.564109
1338.783454 1330.660604
1345.261439 1338.745201
1348.418305 1337.446281
1358.423361 1323.521561
1343.609025 1342.796053
1350.517901 1341.966947
1364.341915 1357.622687
1342.126058 1385.504242
1279.512510 1363.142393
1458.941792 1386.366016
1257.223396 1513.262298
1090.389300 1476.683223
1350.178082 1349.754760
1350.265673 1350.184068
1350.691991 1350.442708
1349.014442 1348.989413
1352.155832 1351.897217
1354.689658 1353.210709
1349.090619 1349.023310
1348.249497 1349.898575
1352.591558 1352.392820
1353.743419 1351.546765
1353.199293 1350.601719
1353.740636 1350.669334
1353.147848 1349.760412
1351.380787 1351.449598
1351.949453 1351.779457
1352.487020 1348.461591
1350.158792 1350.225394
1349.988022 1349.577025
1348.407812 1348.290560
1347.448039 1349.922185
1348.369375 1350.938236
1345.573222 1350.930779
1345.477227 1351.261872
1351.513122 1351.080461
1357.823144 1351.129811
1342.696545 1342.995639
1340.901540 1340.608049
1355.151796 1347.030896
1347.800587 1347.685534
1344.656755 1344.403406
1344.349618 1344.662600
1339.169753 1348.452090
1337.046954 1346.566507
1339.500408 1349.457192
1346.551808 1346.144991
1354.090975 1342.861710
1340.199501 1340.182751
1337.595145 1336.279246
1344.073130 1344.363843
1347.229996 1343.064923
1357.235052 1329.140203
1342.420716 1348.414696
1349.329592 1347.585589
1363.153606 1363.241329
1340.937749 1391.122884
1278.324201 1368.761035
1457.753483 1391.984658
1256.035087 1518.880940
1089.200991 1482.301865
1517.336605 1386.663219
1517.424196 1387.092527
1517.850514 1387.351167
1516.172965 1385.897871
1519.314355 1388.805675
1521.848181 1390.119168
1516.249142 1385.931769
1515.408020 1386.807033
1519.750081 1389.301278
1520.901942 1388.455224
1520.357816 1387.510177
1516.296726 1383.015586
1515.703937 1382.106664
1518.539310 1388.358057
1519.107976 1388.687915
1519.645543 1385.370049
1517.317315 1387.133853
1517.146545 1386.485484
1515.566335 1385.199019
1514.606562 1386.830643
1515.527898 1387.846694
1512.731745 1387.839238
1512.635749 1388.170331
1518.671645 1387.988920
1524.981666 1388.038269
1509.855068 1379.904097
1508.060063 1377.516507
1522.310319 1383.939354
1514.959109 1384.593993
1511.815277 1381.311865
1511.508141 1381.571058
1506.328276 1385.360548
1504.205477 1383.474965
1506.658931 1386.365651
1513.710331 1383.053449
1521.249498 1379.770168
1507.358024 1377.091209
1504.753668 1373.187705
1511.231653 1381.272302
1514.388519 1379.973382
1524.393575 1366.048661
1509.579239 1385.323154
1516.488115 1384.494048
1530.312128 1400.149788
1508.096272 1428.031342
1445.482724 1405.669494
1624.912006 1428.893117
1423.193610 1555.789398
1256.359513 1519.210323
1353.214304 1336.387148
1353.301895 1336.816456
1353.728212 1337.075096
1352.050663 1335.621800
1355.192053 1338.529604
1357.725879 1339.843097
1352.126840 1335.655698
1351.285718 1336.530962
1355.627779 1339.025207
1356.779641 1338.179153
1356.235514 1337.234107
1352.174424 1332.739515
1352.528198 1332.926985
1355.363572 1339.178378
1354.985674 1338.411845
1355.523242 1335.093978
1353.195013 1336.857782
1353.024244 1336.209413
1351.444033 1334.922948
1350.484260 1336.554572
1351.405597 1337.570624
1348.609443 1337.563167
1348.513448 1337.894260
1354.549344 1337.712849
1360.859365 1337.762198
1345.732766 1329.628026
1343.937762 1327.240436
1358.188017 1333.663283
1350.836808 1334.317922
1347.692976 1331.035794
1347.385839 1331.294987
1342.205975 1335.084477
1340.083176 1333.198895
1342.536629 1336.089580
1349.588030 1332.777378
1357.127196 1329.494097
1343.235722 1326.815138
1340.631367 1322.911634
1347.109351 1330.996231
1350.266218 1329.697311
1360.271274 1315.772590
1345.456938 1335.047083
1352.365814 1334.217977
1366.189827 1349.873717
1343.973970 1377.755271
1281.360422 1355.393423
1460.789705 1378.617046
1259.071308 1505.513327
1092.237212 1468.934252
1351.351897 1349.374082
1351.439488 1349.803390
1351.865806 1350.062030
1350.188257 1348.608734
1353.329647 1351.516538
1355.863473 1352.830031
1350.264434 1348.642632
1349.423311 1349.517896
1353.765373 1352.012141
1354.917234 1351.166087
1354.373108 1350.221041
1350.312018 1345.726449
1350.665792 1345.913919
1354.321663 1349.379734
1353.943765 1348.613200
1353.660835 1348.080912
1351.332607 1349.844716
1351.161837 1349.196347
1349.581627 1347.909882
1348.621854 1349.541506
1349.543190 1350.557557
1346.747037 1350.550101
1346.651042 1350.881194
1352.686937 1350.699783
1358.996958 1350.749132
1343.870360 1342.614960
1342.075355 1340.227370
1356.325611 1346.650217
1348.974401 1347.304856
1345.830569 1344.022728
1345.523433 1344.281921
1340.343568 1348.071411
1338.220769 1346.185828
1340.674223 1349.076514
1347.725623 1345.764312
1355.264790 1342.481031
1341.373316 1339.802072
1338.768960 1335.898568
1345.246945 1343.983165
1348.403811 1342.684245
1358.408867 1328.759524
1343.594531 1348.034017
1350.503407 1347.204911
1364.327420 1362.860651
1342.111564 1390.742205
1279.498016 1368.380357
1458.927298 1391.603980
1257.208902 1518.500261
1090.374806 1481.921186
1350.590100 1350.513451
1350.677691 1350.942759
1351.104008 1351.201399
1349.426460 1349.748104
1352.567849 1352.655908
1355.101675 1353.969400
1349.502637 1349.782001
1348.661514 1350.657266
1353.003575 1353.151511
1354.155437 1352.305456
1353.611311 1351.360410
1349.550220 1346.865818
1349.903995 1347.053289
1353.559865 1350.519104
1351.792805 1352.208289
1351.509875 1351.676002
1350.570809 1350.984085
1350.400040 1350.335716
1348.819830 1349.049251
1347.860056 1350.680876
1348.781393 1351.696927
1345.985239 1351.689470
1345.889244 1352.020563
1351.925140 1351.839152
1358.235161 1351.888502
1343.108563 1343.754330
1341.313558 1341.366740
1355.563813 1347.789586
1348.212604 1348.444225
1345.068772 1345.162097
1344.761636 1345.421291
1339.581771 1349.210781
1337.458972 1347.325198
1339.912426 1350.215883
1346.963826 1346.903682
1354.502992 1343.620401
1340.611519 1340.941442
1338.007163 1337.037937
1344.485147 1345.122534
1347.642014 1343.823614
1357.647070 1329.898894
1342.832734 1349.173387
1349.741610 1348.344280
1363.565623 1364.000020
1341.349766 1391.881575
1278.736219 1369.519727
1458.165501 1392.743349
1256.447104 1519.639631
1089.613008 1483.060556
1348.146751 1348.733806
1348.234342 1349.163113
1348.660659 1349.421754
1346.983111 1347.968458
1350.124500 1350.876262
1352.658326 1352.189755
1347.059287 1348.002356
1346.218165 1348.877620
1350.560226 1351.371865
1351.712088 1350.525811
1351.167962 1349.580764
1347.106871 1345.086172
1347.460646 1345.273643
1351.116516 1348.739458
1349.349456 1350.428644
1349.918122 1350.758502
1348.979056 1350.066586
1347.956691 1348.556071
1346.376481 1347.269605
1345.416707 1348.901230
1346.338044 1349.917281
1343.541890 1349.909824
1343.445895 1350.240917
1349.481791 1350.059506
1355.791812 1350.108856
1340.665213 1341.974684
1338.870209 1339.587094
1353.120464 1346.009941
1345.769255 1346.664580
1342.625423 1343.382451
1342.318286 1343.641645
1337.138422 1347.431135
1335.015623 1345.545552
1337.469077 1348.436237
1344.520477 1345.124036
1352.059643 1341.840755
1338.168169 1339.161796
1335.563814 1335.258291
1342.041798 1343.342888
1345.198665 1342.043969
1355.203721 1328.119248
1340.389385 1347.393741
1347.298261 1346.564635
1361.122274 1362.220374
1338.906417 1390.101929
1276.292869 1367.740081
1455.722152 1390.963703
1254.003755 1517.859985
1087.169659 1481.280910
1353.532935 1377.767431
1353.620526 1378.196739
1354.046843 1378.455379
1352.369295 1377.002084
1355.510684 1379.909887
1358.044511 1381.223380
1352.445472 1377.035981
1351.604349 1377.911245
1355.946410 1380.405491
1357.098272 1379.559436
1356.554146 1378.614390
1352.493056 1374.119798
1352.846830 1374.307268
1356.502700 1377.773083
1354.735640 1379.462269
1355.304306 1379.792128
1355.841873 1376.474261
1354.819507 1374.963746
1351.762665 1376.303231
1350.802891 1377.934855
1351.724228 1378.950907
1348.928074 1378.943450
1348.832079 1379.274543
1354.867975 1379.093132
1361.177996 1379.142481
1346.051398 1371.008309
1344.256393 1368.620719
1358.506648 1375.043566
1351.155439 1375.698205
1348.011607 1372.416077
1347.704470 1372.675271
1342.524606 1376.464760
1340.401807 1374.579178
1342.855261 1377.469863
1349.906661 1374.157661
1357.445827 1370.874380
1343.554354 1368.195421
1340.949998 1364.291917
1347.427982 1372.376514
1350.584849 1371.077594
1360.589905 1357.152873
1345.775569 1376.427366
1352.684445 1375.598260
1366.508458 1391.254000
1344.292601 1419.135554
1281.679054 1396.773706
1461.108336 1419.997329
1259.389940 1546.893611
1092.555843 1510.314535
1346.001272 1349.844822
1346.088863 1350.274129
1346.515181 1350.532770
1344.837632 1349.079474
1347.979022 1351.987278
1350.512848 1353.300771
1344.913809 1349.113372
1344.072687 1349.988636
1348.414748 1352.482881
1349.566609 1351.636827
1349.022483 1350.691780
1344.961393 1346.197189
1345.315167 1346.384659
1348.971038 1349.850474
1347.203977 1351.539660
1347.772643 1351.869518
1348.310210 1348.551652
1345.981982 1350.315455
1342.925139 1351.654940
1343.271229 1350.012246
1344.192565 1351.028297
1341.396412 1351.020840
1341.300417 1351.351933
1347.336312 1351.170522
1353.646334 1351.219872
1338.519735 1343.085700
1336.724730 1340.698110
1350.974986 1347.120957
1343.623777 1347.775596
1340.479945 1344.493468
1340.172808 1344.752661
1334.992943 1348.542151
1332.870144 1346.656568
1335.323598 1349.547254
1342.374998 1346.235052
1349.914165 1342.951771
1336.022691 1340.272812
1333.418335 1336.369307
1339.896320 1344.453905
1343.053186 1343.154985
1353.058242 1329.230264
1338.243906 1348.504757
1345.152782 1347.675651
1358.976796 1363.331390
1336.760939 1391.212945
1274.147391 1368.851097
1453.576673 1392.074719
1251.858277 1518.971001
1085.024181 1482.391926
1353.352481 1349.190183
1353.440072 1349.619490
1353.866390 1349.878131
1352.188841 1348.424835
1355.330231 1351.332639
1357.864057 1352.646132
1352.265018 1348.458733
1351.423896 1349.333997
1355.765957 1351.828242
1356.917819 1350.982188
1356.373692 1350.037141
1352.312602 1345.542550
1352.666376 1345.730020
1356.322247 1349.195835
1354.555187 1350.885021
1355.123852 1351.214879
1355.661420 1347.897013
1353.333191 1349.660816
1353.162421 1349.012448
1353.508511 1347.369754
1351.543774 1350.373658
1348.747621 1350.366201
1348.651626 1350.697294
1354.687522 1350.515883
1360.997543 1350.565233
1345.870944 1342.431061
1344.075940 1340.043471
1358.326195 1346.466318
1350.974986 1347.120957
1347.831154 1343.838829
1347.524017 1344.098022
1342.344153 1347.887512
1340.221354 1346.001929
1342.674807 1348.892615
1349.726208 1345.580413
1357.265374 1342.297132
1343.373900 1339.618173
1340.769544 1335.714668
1347.247529 1343.799265
1350.404395 1342.500346
1360.409452 1328.575625
1345.595116 1347.850118
1352.503992 1347.021012
1366.328005 1362.676751
1344.112148 1390.558306
1281.498600 1368.196458
1460.927882 1391.420080
1259.209486 1518.316362
1092.375390 1481.737287
1351.920562 1349.703941
1352.008153 1350.133248
1352.434471 1350.391889
1350.756922 1348.938593
1353.898312 1351.846397
1356.432138 1353.159889
1350.833099 1348.972490
1349.991977 1349.847755
1354.334038 1352.342000
1355.485900 1351.495945
1354.941773 1350.550899
1350.880683 1346.056307
1351.234457 1346.243778
1354.890328 1349.709592
1353.123268 1351.398778
1353.691934 1351.728637
1354.229501 1348.410771
1351.901272 1350.174574
1351.730503 1349.526206
1350.150292 1348.239740
1348.185556 1351.243645
1347.315702 1350.879959
1347.219707 1351.211052
1353.255603 1351.029641
1359.565624 1351.078991
1344.439025 1342.944819
1342.644021 1340.557229
1356.894276 1346.980075
1349.543067 1347.634714
1346.399235 1344.352586
1346.092098 1344.611780
1340.912234 1348.401270
1338.789435 1346.515687
1341.242888 1349.406372
1348.294289 1346.094171
1355.833455 1342.810890
1341.941981 1340.131931
1339.337626 1336.228426
1345.815610 1344.313023
1348.972477 1343.014103
1358.977533 1329.089383
1344.163197 1348.363876
1351.072073 1347.534769
1364.896086 1363.190509
1342.680229 1391.072064
1280.066681 1368.710216
1459.495963 1391.933838
1257.777567 1518.830120
1090.943471 1482.251045
1351.068967 1348.841794
1351.156558 1349.271102
1351.582875 1349.529742
1349.905327 1348.076446
1353.046716 1350.984250
1355.580542 1352.297743
1349.981503 1348.110344
1349.140381 1348.985608
1353.482442 1351.479853
1354.634304 1350.633799
1354.090177 1349.688753
1350.029087 1345.194161
1350.382861 1345.381631
1354.038732 1348.847446
1352.271672 1350.536632
1352.840338 1350.866491
1353.377905 1347.548624
1351.049676 1349.312428
1350.878907 1348.664059
1349.298697 1347.377594
1348.338923 1349.009218
1347.469070 1348.645533
1346.368111 1350.348906
1352.404007 1350.167495
1358.714028 1350.216844
1343.587430 1342.082672
1341.792425 1339.695082
1356.042680 1346.117929
1348.691471 1346.772568
1345.547639 1343.490440
1345.240502 1343.749634
1340.060638 1347.539123
1337.937839 1345.653541
1340.391292 1348.544226
1347.442693 1345.232024
1354.981859 1341.948743
1341.090386 1339.269785
1338.486030 1335.366280
1344.964014 1343.450877
1348.120881 1342.151957
1358.125937 1328.227236
1343.311601 1347.501729
1350.220477 1346.672623
1364.044490 1362.328363
1341.828633 1390.209917
1279.215085 1367.848069
1458.644368 1391.071692
1256.925971 1517.967973
1090.091875 1481.388898
1352.298460 1350.470474
1352.386051 1350.899782
1352.812368 1351.158422
1351.134820 1349.705127
1354.276209 1352.612930
1356.810035 1353.926423
1351.210996 1349.739024
1350.369874 1350.614289
1354.711935 1353.108534
1355.863797 1352.262479
1355.319671 1351.317433
1351.258580 1346.822841
1351.612355 1347.010312
1355.268225 1350.476126
1353.501165 1352.165312
1354.069831 1352.495171
1354.607398 1349.177305
1352.279169 1350.941108
1352.108400 1350.292739
1350.528190 1349.006274
1349.568416 1350.637899
1350.489753 1351.653950
1349.388794 1353.357323
1353.633500 1351.796175
1359.943521 1351.845525
1344.816922 1343.711353
1343.021918 1341.323763
1357.272173 1347.746609
1349.920964 1348.401248
1346.777132 1345.119120
1346.469995 1345.378314
1341.290131 1349.167804
1339.167332 1347.282221
1341.620785 1350.172906
1348.672186 1346.860705
1356.211352 1343.577424
1342.319878 1340.898465
1339.715523 1336.994960
1346.193507 1345.079557
1349.350374 1343.780637
1359.355430 1329.855916
1344.541094 1349.130410
1351.449970 1348.301303
1365.273983 1363.957043
1343.058126 1391.838598
1280.444579 1369.476749
1459.873861 1392.700372
1258.155464 1519.596654
1091.321368 1483.017579
1347.696026 1345.908267
1347.783617 1346.337575
1348.209935 1346.596215
1346.532386 1345.142920
1349.673776 1348.050723
1352.207602 1349.364216
1346.608563 1345.176817
1345.767441 1346.052082
1350.109502 1348.546327
1351.261363 1347.700272
1350.717237 1346.755226
1346.656147 1342.260634
1347.009921 1342.448104
1350.665792 1345.913919
1348.898731 1347.603105
1349.467397 1347.932964
1350.004964 1344.615098
1347.676736 1346.378901
1347.505966 1345.730532
1345.925756 1344.444067
1344.965983 1346.075692
1345.887319 1347.091743
1343.091166 1347.084286
1347.335872 1345.523138
1355.341088 1347.283318
1340.214489 1339.149146
1338.419484 1336.761556
1352.669740 1343.184402
1345.318531 1343.839041
1342.174699 1340.556913
1341.867562 1340.816107
1336.687697 1344.605596
1334.564898 1342.720014
1337.018352 1345.610699
1344.069752 1342.298498
1351.608919 1339.015217
1337.717445 1336.336258
1335.113089 1332.432753
1341.591074 1340.517350
1344.747940 1339.218430
1354.752996 1325.293709
1339.938660 1344.568202
1346.847536 1343.739096
1360.671550 1359.394836
1338.455693 1387.276390
1275.842145 1364.914542
1455.271427 1388.138165
1253.553031 1515.034447
1086.718935 1478.455372
1343.978127 1348.432219
1344.065718 1348.861526
1344.492035 1349.120167
1342.814487 1347.666871
1345.955876 1350.574675
1348.489703 1351.888168
1342.890664 1347.700769
1342.049541 1348.576033
1346.391602 1351.070278
1347.543464 1350.224224
1346.999338 1349.279177
1342.938247 1344.784585
1343.292022 1344.972056
1346.947892 1348.437871
1345.180832 1350.127057
1345.749498 1350.456915
1346.287065 1347.139049
1343.958836 1348.902852
1343.788067 1348.254484
1342.207857 1346.968018
1341.248083 1348.599643
1342.169420 1349.615694
1339.373266 1349.608237
1339.277271 1349.939330
1347.282487 1351.699510
1336.496590 1341.673097
1334.701585 1339.285507
1348.951841 1345.708354
1341.600631 1346.362993
1338.456799 1343.080864
1338.149662 1343.340058
1332.969798 1347.129548
1330.846999 1345.243965
1333.300453 1348.134650
1340.351853 1344.822449
1347.891019 1341.539168
1333.999546 1338.860209
1331.395190 1334.956704
1337.873174 1343.041301
1341.030041 1341.742381
1351.035097 1327.817661
1336.220761 1347.092154
1343.129637 1346.263048
1356.953650 1361.918787
1334.737793 1389.800342
1272.124246 1367.438494
1451.553528 1390.662116
1249.835131 1517.558398
1083.001035 1480.979323
1350.605255 1351.248913
1350.692846 1351.678221
1351.119164 1351.936861
1349.441615 1350.483565
1352.583005 1353.391369
1355.116831 1354.704862
1349.517792 1350.517463
1348.676669 1351.392727
1353.018730 1353.886972
1354.170592 1353.040918
1353.626466 1352.095872
1349.565376 1347.601280
1349.919150 1347.788750
1353.575021 1351.254565
1351.807960 1352.943751
1352.376626 1353.273610
1352.914193 1349.955743
1350.585964 1351.719547
1350.415195 1351.071178
1348.834985 1349.784713
1347.875212 1351.416338
1348.796548 1352.432389
1346.000395 1352.424932
1345.904399 1352.756025
1351.940295 1352.574614
1341.154398 1342.548201
1341.328713 1342.102202
1355.578969 1348.525048
1348.227759 1349.179687
1345.083927 1345.897559
1344.776791 1346.156752
1339.596926 1349.946242
1337.474127 1348.060660
1339.927581 1350.951345
1346.978981 1347.639143
1354.518148 1344.355862
1340.626674 1341.676903
1338.022318 1337.773399
1344.500303 1345.857996
1347.657169 1344.559076
1357.662225 1330.634355
1342.847889 1349.908848
1349.756765 1349.079742
1363.580778 1364.735482
1341.364922 1392.617036
1278.751374 1370.255188
1458.180656 1393.478811
1256.462260 1520.375092
1089.628163 1483.796018
1353.745790 1352.921205
1353.833380 1353.350512
1354.259698 1353.609153
1352.582150 1352.155857
1355.723539 1355.063661
1358.257365 1356.377154
1352.658326 1352.189755
1351.817204 1353.065019
1356.159265 1355.559264
1357.311127 1354.713210
1356.767000 1353.768163
1352.705910 1349.273572
1353.059684 1349.461042
1356.715555 1352.926857
1354.948495 1354.616043
1355.517161 1354.945901
1356.054728 1351.628035
1353.726499 1353.391838
1353.555730 1352.743470
1351.975520 1351.457005
1351.015746 1353.088629
1351.937083 1354.104680
1349.140929 1354.097223
1349.044934 1354.428316
1355.080830 1354.246905
1361.390851 1354.296255
1361.565166 1353.850255
1358.719503 1350.197340
1351.368294 1350.851979
1348.224462 1347.569851
1347.917325 1347.829044
1342.737461 1351.618534
1340.614662 1349.732951
1343.068115 1352.623636
1350.119516 1349.311435
1357.658682 1346.028154
1343.767208 1343.349195
1341.162853 1339.445690
1347.640837 1347.530287
1350.797704 1346.231368
1360.802760 1332.306647
1345.988424 1351.581140
1352.897300 1350.752034
1366.721313 1366.407773
1344.505456 1394.289328
1281.891908 1371.927480
1461.321191 1395.151102
1259.602794 1522.047384
1092.768698 1485.468309
1352.488812 1351.228051
1352.576403 1351.657358
1353.002720 1351.915999
1351.325172 1350.462703
1354.466561 1353.370507
1357.000387 1354.684000
1351.401349 1350.496600
1350.560226 1351.371865
1354.902287 1353.866110
1356.054149 1353.020056
1355.510023 1352.075009
1351.448932 1347.580417
1351.802707 1347.767888
1355.458577 1351.233703
1353.691517 1352.922889
1354.260183 1353.252747
1354.797750 1349.934881
1352.469521 1351.698684
1352.298752 1351.050316
1350.718542 1349.763850
1349.758768 1351.395475
1350.680105 1352.411526
1347.883951 1352.404069
1347.787956 1352.735162
1353.823852 1352.553751
1360.133873 1352.603101
1345.007275 1344.468929
1342.161612 1340.816013
1350.111316 1349.158825
1346.967484 1345.876696
1346.660347 1346.135890
1341.480483 1349.925380
1339.357684 1348.039797
1341.811138 1350.930482
1348.862538 1347.618281
1356.401704 1344.335000
1342.510231 1341.656041
1339.905875 1337.752536
1346.383859 1345.837133
1349.540726 1344.538213
1359.545782 1330.613493
1344.731446 1349.887986
1351.640322 1349.058880
1365.464335 1364.714619
1343.248478 1392.596174
1280.634931 1370.234326
1460.064213 1393.457948
1258.345816 1520.354230
1091.511720 1483.775155
1089.200991 1482.301865
1089.288582 1482.731172
1089.714899 1482.989813
1088.037351 1481.536517
1091.178740 1484.444321
1093.712567 1485.757814
1088.113528 1481.570415
1087.272405 1482.445679
1091.614466 1484.939924
1092.766328 1484.093870
1092.222202 1483.148823
1088.161111 1478.654232
1088.514886 1478.841702
1092.170756 1482.307517
1090.403696 1483.996703
1090.972362 1484.326561
1091.509929 1481.008695
1089.181700 1482.772498
1089.010931 1482.124130
1087.430721 1480.837665
1086.470948 1482.469289
1087.392284 1483.485340
1084.596131 1483.477883
1084.500135 1483.808976
1090.536031 1483.627565
1096.846052 1483.676915
1081.719454 1475.542743
1079.924449 1473.155153
1087.874153 1481.497965
1083.679663 1476.950511
1083.372527 1477.209704
1078.192662 1480.999194
1076.069863 1479.113611
1078.523317 1482.004297
1085.574717 1478.692095
1093.113883 1475.408814
1079.222410 1472.729855
1076.618054 1468.826350
1083.096038 1476.910948
1086.252905 1475.612028
1096.257961 1461.687307
1081.443625 1480.961800
1088.352501 1480.132694
1102.176514 1495.788433
1079.960657 1523.669988
1017.347110 1501.308140
1196.776392 1524.531762
995.057995 1651.428044
828.223899 1614.848969
1347.142270 1349.817593
1347.229861 1350.246901
1347.656179 1350.505541
1345.978631 1349.052245
1349.120020 1351.960049
1351.653846 1353.273542
1346.054807 1349.086143
1345.213685 1349.961407
1349.555746 1352.455652
1350.707608 1351.609598
1350.163481 1350.664552
1346.102391 1346.169960
1346.456165 1346.357430
1350.112036 1349.823245
1348.344976 1351.512431
1348.913642 1351.842290
1349.451209 1348.524423
1347.122980 1350.288227
1346.952211 1349.639858
1345.372001 1348.353393
1344.412227 1349.985017
1345.333564 1351.001068
1342.537410 1350.993612
1342.441415 1351.324705
1348.477311 1351.143294
1354.787332 1351.192643
1339.660733 1343.058471
1337.865729 1340.670881
1352.115984 1347.093728
1347.921494 1342.546274
1341.313806 1344.725432
1336.133942 1348.514922
1334.011143 1346.629340
1336.464596 1349.520025
1343.515997 1346.207823
1351.055163 1342.924542
1337.163689 1340.245583
1334.559334 1336.342079
1341.037318 1344.426676
1344.194185 1343.127756
1354.199241 1329.203035
1339.384905 1348.477528
1346.293781 1347.648422
1360.117794 1363.304162
1337.901937 1391.185716
1275.288389 1368.823868
1454.717671 1392.047491
1252.999275 1518.943772
1086.165179 1482.364697
1350.531399 1352.159660
1350.618990 1352.588968
1351.045308 1352.847608
1349.367759 1351.394313
1352.509149 1354.302116
1355.042975 1355.615609
1349.443936 1351.428210
1348.602814 1352.303475
1352.944875 1354.797720
1354.096736 1353.951665
1353.552610 1353.006619
1349.491520 1348.512027
1349.845294 1348.699498
1353.501165 1352.165312
1351.734105 1353.854498
1352.302770 1354.184357
1352.840338 1350.866491
1350.512109 1352.630294
1350.341339 1351.981925
1348.761129 1350.695460
1347.801356 1352.327085
1348.722692 1353.343136
1345.926539 1353.335679
1345.830544 1353.666772
1351.866439 1353.485361
1358.176461 1353.534711
1343.049862 1345.400539
1341.254857 1343.012949
1355.505113 1349.435795
1348.153904 1350.090434
1341.546216 1352.269593
1339.523071 1350.856990
1337.400271 1348.971407
1339.853725 1351.862092
1346.905126 1348.549891
1354.444292 1345.266610
1340.552818 1342.587651
1337.948462 1338.684146
1344.426447 1346.768743
1347.583313 1345.469823
1357.588369 1331.545102
1342.774034 1350.819596
1349.682910 1349.990489
1363.506923 1365.646229
1341.291066 1393.527784
1278.677518 1371.165935
1458.106800 1394.389558
1256.388404 1521.285840
1089.554308 1484.706765
1348.837465 1351.528423
1348.925056 1351.957730
1349.351374 1352.216371
1347.673825 1350.763075
1350.815215 1353.670879
1353.349041 1354.984372
1347.750002 1350.796973
1346.908880 1351.672237
1351.250941 1354.166482
1352.402802 1353.320428
1351.858676 1352.375381
1347.797586 1347.880790
1348.151360 1348.068260
1351.807231 1351.534075
1350.040170 1353.223261
1350.608836 1353.553119
1351.146403 1350.235253
1348.818175 1351.999057
1348.647405 1351.350688
1347.067195 1350.064223
1346.107422 1351.695847
1347.028758 1352.711898
1344.232605 1352.704442
1344.136609 1353.035534
1350.172505 1352.854124
1356.482526 1352.903473
1341.355928 1344.769301
1339.560923 1342.381711
1353.811179 1348.804558
1346.459969 1349.459197
1343.316137 1346.177069
1341.292992 1344.764466
1335.706337 1348.340169
1338.159791 1351.230855
1345.211191 1347.918653
1352.750358 1344.635372
1338.858884 1341.956413
1336.254528 1338.052909
1342.732513 1346.137506
1345.889379 1344.838586
1355.894435 1330.913865
1341.080099 1350.188358
1347.988975 1349.359252
1361.812988 1365.014992
1339.597132 1392.896546
1276.983584 1370.534698
1456.412866 1393.758320
1254.694470 1520.654602
1087.860373 1484.075527
1352.301823 1347.924857
1352.389414 1348.354164
1352.815732 1348.612805
1351.138183 1347.159509
1354.279573 1350.067313
1356.813399 1351.380806
1351.214360 1347.193407
1350.373238 1348.068671
1354.715299 1350.562916
1355.867160 1349.716862
1355.323034 1348.771815
1351.261944 1344.277224
1351.615718 1344.464694
1355.271589 1347.930509
1353.504529 1349.619695
1354.073194 1349.949553
1354.610761 1346.631687
1352.282533 1348.395491
1352.111763 1347.747122
1350.531553 1346.460657
1349.571780 1348.092281
1350.493116 1349.108332
1347.696963 1349.100875
1347.600968 1349.431968
1353.636863 1349.250557
1359.946885 1349.299907
1344.820286 1341.165735
1343.025281 1338.778145
1357.275537 1345.200992
1349.924328 1345.855631
1346.780496 1342.573503
1346.473359 1342.832696
1340.886704 1346.408400
1341.624149 1347.627289
1348.675549 1344.315087
1356.214716 1341.031806
1342.323242 1338.352847
1339.718886 1334.449342
1346.196871 1342.533940
1349.353737 1341.235020
1359.358793 1327.310299
1344.544457 1346.584792
1351.453333 1345.755686
1365.277347 1361.411425
1343.061490 1389.292980
1280.447942 1366.931132
1459.877224 1390.154754
1258.158828 1517.051036
1091.324732 1480.471961
1353.970747 1348.039623
1354.058338 1348.468931
1354.484656 1348.727571
1352.807107 1347.274275
1355.948497 1350.182079
1358.482323 1351.495572
1352.883284 1347.308173
1352.042162 1348.183437
1356.384223 1350.677682
1357.536084 1349.831628
1356.991958 1348.886581
1352.930868 1344.391990
1353.284642 1344.579460
1356.940513 1348.045275
1355.173452 1349.734461
1355.742118 1350.064319
1356.279685 1346.746453
1353.951457 1348.510257
1353.780687 1347.861888
1352.200477 1346.575423
1351.240704 1348.207047
1352.162040 1349.223098
1349.365887 1349.215642
1349.269892 1349.546734
1355.305787 1349.365324
1361.615808 1349.414673
1346.489210 1341.280501
1344.694205 1338.892911
1358.944461 1345.315758
1351.593251 1345.970397
1348.449419 1342.688269
1348.142283 1342.947462
1342.962418 1346.736952
1343.699863 1347.955841
1350.344473 1344.429853
1357.883640 1341.146572
1343.992166 1338.467613
1341.387810 1334.564109
1347.865795 1342.648706
1351.022661 1341.349786
1361.027717 1327.425065
1346.213381 1346.699558
1353.122257 1345.870452
1366.946270 1361.526192
1344.730414 1389.407746
1282.116866 1367.045898
1461.546148 1390.269520
1259.827752 1517.165802
1092.993655 1480.586727
1351.446377 1350.373649
1351.533968 1350.802956
1351.960286 1351.061597
1350.282737 1349.608301
1353.424127 1352.516105
1355.957953 1353.829598
1350.358914 1349.642199
1349.517792 1350.517463
1353.859853 1353.011708
1355.011714 1352.165654
1354.467588 1351.220607
1350.406498 1346.726016
1350.760272 1346.913486
1354.416143 1350.379301
1352.649083 1352.068487
1353.217748 1352.398345
1353.755315 1349.080479
1351.427087 1350.844282
1351.256317 1350.195914
1349.676107 1348.909449
1348.716334 1350.541073
1349.637670 1351.557124
1346.841517 1351.549667
1346.745522 1351.880760
1352.781417 1351.699349
1359.091438 1351.748699
1343.964840 1343.614527
1342.169835 1341.226937
1356.420091 1347.649784
1349.068882 1348.304423
1345.925050 1345.022295
1345.617913 1345.281488
1340.438048 1349.070978
1338.315249 1347.185395
1344.959859 1343.659407
1355.359270 1343.480598
1341.467796 1340.801639
1338.863440 1336.898134
1345.341425 1344.982732
1348.498291 1343.683812
1358.503347 1329.759091
1343.689011 1349.033584
1350.597887 1348.204478
1364.421901 1363.860217
1342.206044 1391.741772
1279.592496 1369.379924
1459.021778 1392.603546
1257.303382 1519.499828
1090.469286 1482.920753
1346.431580 1351.322904
1346.519171 1351.752212
1346.945489 1352.010852
1345.267940 1350.557556
1348.409330 1353.465360
1350.943156 1354.778853
1345.344117 1350.591454
1344.502995 1351.466718
1348.845056 1353.960963
1349.996918 1353.114909
1349.452791 1352.169862
1345.391701 1347.675271
1345.745475 1347.862741
1349.401346 1351.328556
1347.634286 1353.017742
1348.202951 1353.347600
1348.740519 1350.029734
1346.412290 1351.793538
1346.241520 1351.145169
1344.661310 1349.858704
1343.701537 1351.490328
1344.622873 1352.506379
1341.826720 1352.498923
1341.730725 1352.830015
1347.766621 1352.648605
1354.076642 1352.697954
1338.950043 1344.563782
1337.155039 1342.176192
1351.405294 1348.599039
1344.054085 1349.253678
1340.910253 1345.971550
1340.603116 1346.230743
1335.423252 1350.020233
1333.300453 1348.134650
1335.753906 1351.025336
1346.153317 1350.846526
1336.452999 1341.750894
1333.848643 1337.847390
1340.326628 1345.931987
1343.483494 1344.633067
1353.488551 1330.708346
1338.674215 1349.982839
1345.583091 1349.153733
1359.407104 1364.809473
1337.191247 1392.691027
1274.577699 1370.329179
1454.006981 1393.552801
1252.288585 1520.449083
1085.454489 1483.870008
1350.898197 1348.193425
1350.985788 1348.622733
1351.412106 1348.881373
1349.734557 1347.428078
1352.875947 1350.335881
1355.409773 1351.649375
1349.810734 1347.461975
1348.969612 1348.337240
1353.311673 1350.831485
1354.463534 1349.985430
1353.919408 1349.040384
1349.858318 1344.545792
1350.212092 1344.733263
1353.867963 1348.199077
1352.100902 1349.888263
1352.669568 1350.218122
1353.207135 1346.900256
1350.878907 1348.664059
1350.708137 1348.015690
1349.127927 1346.729225
1348.168154 1348.360850
1349.089490 1349.376901
1346.293337 1349.369444
1346.197342 1349.700537
1352.233237 1349.519126
1358.543258 1349.568476
1343.416660 1341.434304
1341.621655 1339.046714
1355.871911 1345.469560
1348.520701 1346.124200
1345.376870 1342.842071
1345.069733 1343.101265
1339.889868 1346.890755
1337.767069 1345.005172
1340.220523 1347.895857
1347.271923 1344.583656
1337.571606 1335.488023
1338.315260 1334.717911
1344.793245 1342.802508
1347.950111 1341.503588
1357.955167 1327.578868
1343.140831 1346.853361
1350.049707 1346.024254
1363.873720 1361.679994
1341.657864 1389.561549
1279.044316 1367.199701
1458.473598 1390.423323
1256.755202 1517.319605
1089.921106 1480.740530
1360.123180 1335.558042
1360.210771 1335.987350
1360.637088 1336.245990
1358.959540 1334.792694
1362.100929 1337.700498
1364.634755 1339.013991
1359.035717 1334.826592
1358.194594 1335.701856
1362.536655 1338.196101
1363.688517 1337.350047
1363.144390 1336.405000
1359.083300 1331.910409
1359.437074 1332.097879
1363.092945 1335.563694
1361.325885 1337.252880
1361.894551 1337.582738
1362.432118 1334.264872
1360.103889 1336.028676
1359.933120 1335.380307
1358.352910 1334.093842
1357.393136 1335.725466
1358.314473 1336.741517
1355.518319 1336.734061
1355.422324 1337.065153
1361.458220 1336.883743
1367.768241 1336.933092
1352.641642 1328.798920
1350.846638 1326.411330
1365.096893 1332.834177
1357.745684 1333.488816
1354.601852 1330.206688
1354.294715 1330.465881
1349.114851 1334.255371
1346.992052 1332.369788
1349.445505 1335.260474
1356.496906 1331.948272
1364.036072 1328.664991
1364.779727 1327.894879
1354.018227 1330.167125
1357.175094 1328.868205
1367.180150 1314.943484
1352.365814 1334.217977
1359.274690 1333.388871
1373.098703 1349.044611
1350.882846 1376.926165
1288.269298 1354.564317
1467.698581 1377.787939
1265.980184 1504.684221
1099.146088 1468.105146
1343.571336 1348.218432
1343.658927 1348.647740
1344.085245 1348.906380
1342.407696 1347.453085
1345.549086 1350.360888
1348.082912 1351.674381
1342.483873 1347.486982
1341.642751 1348.362247
1345.984812 1350.856492
1347.136673 1350.010437
1346.592547 1349.065391
1342.531457 1344.570799
1342.885231 1344.758270
1346.541102 1348.224084
1344.774042 1349.913270
1345.342707 1350.243129
1345.880275 1346.925262
1343.552046 1348.689066
1343.381276 1348.040697
1341.801066 1346.754232
1340.841293 1348.385857
1341.762629 1349.401908
1338.966476 1349.394451
1338.870481 1349.725544
1344.906376 1349.544133
1351.216398 1349.593483
1336.089799 1341.459310
1334.294794 1339.071721
1348.545050 1345.494567
1341.193841 1346.149206
1338.050009 1342.867078
1337.742872 1343.126272
1332.563008 1346.915762
1330.440208 1345.030179
1332.893662 1347.920864
1339.945063 1344.608663
1347.484229 1341.325382
1333.592755 1338.646423
1322.831256 1340.918668
1340.623250 1341.528595
1350.628307 1327.603874
1335.813970 1346.878367
1342.722847 1346.049261
1356.546860 1361.705001
1334.331003 1389.586555
1271.717455 1367.224707
1451.146737 1390.448330
1249.428341 1517.344612
1082.594245 1480.765537
1339.708922 1362.111692
1339.796512 1362.540999
1340.222830 1362.799640
1338.545282 1361.346344
1341.686671 1364.254148
1344.220497 1365.567640
1338.621458 1361.380241
1337.780336 1362.255506
1342.122397 1364.749751
1343.274259 1363.903697
1342.730132 1362.958650
1338.669042 1358.464058
1339.022816 1358.651529
1342.678687 1362.117343
1340.911627 1363.806529
1341.480293 1364.136388
1342.017860 1360.818522
1339.689631 1362.582325
1339.518862 1361.933956
1337.938651 1360.647491
1336.978878 1362.279116
1337.900215 1363.295167
1335.104061 1363.287710
1335.008066 1363.618803
1341.043962 1363.437392
1347.353983 1363.486742
1332.227384 1355.352570
1330.432380 1352.964980
1344.682635 1359.387827
1337.331426 1360.042466
1334.187594 1356.760337
1333.880457 1357.019531
1328.700593 1360.809021
1326.577794 1358.923438
1329.031247 1361.814123
1336.082648 1358.501922
1343.621814 1355.218641
1329.730340 1352.539682
1327.125985 1348.636177
1344.917979 1349.246104
1346.765892 1341.497134
1331.951556 1360.771627
1338.860432 1359.942521
1352.684445 1375.598260
1330.468588 1403.479815
1267.855040 1381.117966
1447.284322 1404.341589
1245.565926 1531.237871
1078.731830 1494.658796
1343.209247 1350.311869
1343.296838 1350.741176
1343.723156 1350.999817
1342.045607 1349.546521
1345.186997 1352.454325
1347.720823 1353.767818
1342.121784 1349.580419
1341.280662 1350.455683
1345.622723 1352.949928
1346.774585 1352.103874
1346.230458 1351.158827
1342.169368 1346.664236
1342.523142 1346.851706
1346.179013 1350.317521
1344.411953 1352.006707
1344.980618 1352.336565
1345.518186 1349.018699
1343.189957 1350.782503
1343.019188 1350.134134
1341.438977 1348.847669
1340.479204 1350.479293
1341.400541 1351.495344
1338.604387 1351.487887
1338.508392 1351.818980
1344.544288 1351.637570
1350.854309 1351.686919
1335.727710 1343.552747
1333.932706 1341.165157
1348.182961 1347.588004
1340.831752 1348.242643
1337.687920 1344.960515
1337.380783 1345.219708
1332.200919 1349.009198
1330.078120 1347.123615
1332.531573 1350.014301
1339.582974 1346.702099
1347.122140 1343.418818
1333.230666 1340.739859
1330.626311 1336.836355
1337.104295 1344.920952
1338.952207 1337.171981
1335.451882 1348.971804
1342.360758 1348.142698
1356.184771 1363.798438
1333.968914 1391.679992
1271.355366 1369.318144
1450.784648 1392.541766
1249.066252 1519.438048
1082.232156 1482.858973
1336.731263 1342.227272
1336.818854 1342.656579
1337.245171 1342.915220
1335.567623 1341.461924
1338.709013 1344.369728
1341.242839 1345.683221
1335.643800 1341.495822
1334.802677 1342.371086
1339.144739 1344.865331
1340.296600 1344.019277
1339.752474 1343.074230
1335.691384 1338.579639
1336.045158 1338.767109
1339.701029 1342.232924
1337.933968 1343.922110
1338.502634 1344.251968
1339.040201 1340.934102
1336.711973 1342.697905
1336.541203 1342.049537
1334.960993 1340.763072
1334.001220 1342.394696
1334.922556 1343.410747
1332.126403 1343.403290
1332.030407 1343.734383
1338.066303 1343.552972
1344.376324 1343.602322
1329.249726 1335.468150
1327.454721 1333.080560
1341.704977 1339.503407
1334.353767 1340.158046
1331.209935 1336.875918
1330.902799 1337.135111
1325.722934 1340.924601
1323.600135 1339.039018
1326.053589 1341.929704
1333.104989 1338.617502
1340.644156 1335.334221
1326.752682 1332.655262
1324.148326 1328.751757
1330.626311 1336.836355
1333.783177 1335.537435
1330.282851 1347.337257
1335.882773 1340.058101
1349.706786 1355.713840
1327.490929 1383.595395
1264.877382 1361.233547
1444.306664 1384.457169
1242.588268 1511.353451
1075.754171 1474.774376
1349.157991 1344.642729
1349.245582 1345.072036
1349.671900 1345.330677
1347.994351 1343.877381
1351.135741 1346.785185
1353.669567 1348.098678
1348.070528 1343.911279
1347.229406 1344.786543
1351.571467 1347.280788
1352.723328 1346.434734
1352.179202 1345.489687
1348.118112 1340.995096
1348.471886 1341.182566
1352.127757 1344.648381
1350.360697 1346.337567
1350.929362 1346.667425
1351.466929 1343.349559
1349.138701 1345.113362
1348.967931 1344.464994
1347.387721 1343.178529
1346.427948 1344.810153
1347.349284 1345.826204
1344.553131 1345.818747
1344.457136 1346.149840
1350.493031 1345.968429
1356.803053 1346.017779
1341.676454 1337.883607
1339.881449 1335.496017
1354.131705 1341.918864
1346.780496 1342.573503
1343.636664 1339.291375
1343.329527 1339.550568
1338.149662 1343.340058
1336.026863 1341.454475
1338.480317 1344.345160
1345.531718 1341.032959
1353.070884 1337.749678
1339.179410 1335.070719
1336.575054 1331.167214
1343.053039 1339.251812
1346.209905 1337.952892
1356.214961 1324.028171
1361.814883 1316.749014
1362.133515 1358.129297
1339.917658 1386.010852
1277.304110 1363.649004
1456.733392 1386.872626
1255.014996 1513.768908
1088.180900 1477.189833
1350.502509 1350.084144
1350.590100 1350.513451
1351.016417 1350.772092
1349.338869 1349.318796
1352.480258 1352.226600
1355.014085 1353.540093
1349.415046 1349.352694
1348.573923 1350.227958
1352.915984 1352.722203
1354.067846 1351.876149
1353.523720 1350.931102
1349.462630 1346.436511
1349.816404 1346.623981
1353.472274 1350.089796
1351.705214 1351.778982
1352.273880 1352.108840
1352.811447 1348.790974
1350.483218 1350.554778
1350.312449 1349.906409
1348.732239 1348.619944
1347.772465 1350.251568
1348.693802 1351.267619
1345.897648 1351.260163
1345.801653 1351.591255
1351.837549 1351.409845
1358.147570 1351.459194
1343.020972 1343.325022
1341.225967 1340.937432
1355.476222 1347.360279
1348.125013 1348.014918
1344.981181 1344.732790
1344.674045 1344.991983
1339.494180 1348.781473
1337.371381 1346.895890
1339.824835 1349.786576
1346.876235 1346.474374
1354.415401 1343.191093
1340.523928 1340.512134
1337.919572 1336.608630
1344.397556 1344.693227
1347.554423 1343.394307
1357.559479 1329.469586
1342.745143 1348.744079
1343.063774 1390.124362
1341.262175 1391.452267
1278.648628 1369.090419
1458.077910 1392.314042
1256.359514 1519.210323
1089.525417 1482.631248
1351.944685 1350.283004
1352.032277 1350.712312
1352.458594 1350.970952
1350.781045 1349.517656
1353.922435 1352.425460
1356.456261 1353.738953
1350.857222 1349.551554
1350.016100 1350.426818
1354.358161 1352.921063
1355.510023 1352.075009
1354.965896 1351.129963
1350.904806 1346.635371
1351.258580 1346.822841
1354.914451 1350.288656
1353.147391 1351.977842
1353.716056 1352.307700
1354.253624 1348.989834
1351.925395 1350.753638
1351.754626 1350.105269
1350.174415 1348.818804
1349.214642 1350.450428
1350.135979 1351.466479
1347.339825 1351.459023
1347.243830 1351.790116
1353.279726 1351.608705
1359.589747 1351.658054
1344.463148 1343.523882
1342.668144 1341.136292
1356.918399 1347.559139
1349.567190 1348.213778
1346.423358 1344.931650
1346.116221 1345.190843
1340.936357 1348.980333
1338.813558 1347.094750
1341.267011 1349.985436
1348.318412 1346.673234
1355.857578 1343.389953
1341.966104 1340.710994
1339.361749 1336.807490
1345.839733 1344.892087
1348.996600 1343.593167
1359.001656 1329.668446
1344.187320 1348.942939
1351.096196 1348.113833
1349.294597 1349.441738
1280.090804 1369.289279
1459.520086 1392.512902
1257.801690 1519.409183
1090.967594 1482.830108
1290.919387 1355.405583
1291.006978 1355.834891
1291.433296 1356.093531
1289.755747 1354.640235
1292.897137 1357.548039
1295.430963 1358.861532
1289.831924 1354.674133
1288.990802 1355.549397
1293.332863 1358.043642
1294.484724 1357.197588
1293.940598 1356.252542
1289.879508 1351.757950
1290.233282 1351.945420
1293.889153 1355.411235
1292.122092 1357.100421
1292.690758 1357.430279
1293.228325 1354.112413
1290.900097 1355.876217
1290.729327 1355.227848
1289.149117 1353.941383
1288.189344 1355.573007
1289.110680 1356.589058
1286.314527 1356.581602
1286.218531 1356.912694
1292.254427 1356.731284
1298.564448 1356.780633
1283.437850 1348.646461
1281.642845 1346.258871
1295.893101 1352.681718
1288.541891 1353.336357
1285.398059 1350.054229
1285.090923 1350.313422
1279.911058 1354.102912
1277.788259 1352.217329
1280.241713 1355.108015
1287.293113 1351.795813
1294.832280 1348.512532
1280.940806 1345.833573
1278.336450 1341.930069
1284.814435 1350.014666
1287.971301 1348.715746
1297.976357 1334.791025
1283.162021 1354.065518
1290.070897 1353.236412
1303.894910 1368.892152
1234.691118 1388.739693
1398.494788 1397.635480
1196.776392 1524.531762
1029.942296 1487.952687
1338.051568 1341.502010
1338.139159 1341.931318
1338.565476 1342.189958
1336.887928 1340.736662
1340.029317 1343.644466
1342.563143 1344.957959
1336.964105 1340.770560
1336.122982 1341.645824
1340.465043 1344.140069
1341.616905 1343.294015
1341.072778 1342.348969
1337.011688 1337.854377
1337.365462 1338.041847
1341.021333 1341.507662
1339.254273 1343.196848
1339.822939 1343.526707
1340.360506 1340.208840
1338.032277 1341.972644
1337.861508 1341.324275
1336.281298 1340.037810
1335.321524 1341.669434
1336.242861 1342.685486
1333.446707 1342.678029
1333.350712 1343.009122
1339.386608 1342.827711
1345.696629 1342.877060
1330.570031 1334.742888
1328.775026 1332.355298
1343.025281 1338.778145
1335.674072 1339.432784
1332.530240 1336.150656
1332.223103 1336.409849
1327.043239 1340.199339
1324.920440 1338.313756
1327.373893 1341.204442
1334.425294 1337.892240
1341.964460 1334.608959
1328.072987 1331.930000
1325.468631 1328.026496
1331.946615 1336.111093
1335.103482 1334.812173
1345.108538 1320.887452
1330.294202 1340.161945
1337.203078 1339.332839
1351.027091 1354.988579
1328.811234 1382.870133
1492.614904 1391.765921
1243.908572 1510.628189
1077.074476 1474.049114
1348.933460 1351.197330
1349.021051 1351.626637
1349.447369 1351.885278
1347.769820 1350.431982
1350.911210 1353.339786
1353.445036 1354.653279
1347.845997 1350.465880
1347.004875 1351.341144
1351.346936 1353.835389
1352.498797 1352.989335
1351.954671 1352.044288
1347.893581 1347.549697
1348.247355 1347.737167
1351.903226 1351.202982
1350.136165 1352.892168
1350.704831 1353.222026
1351.242398 1349.904160
1348.914170 1351.667964
1348.743400 1351.019595
1347.163190 1349.733130
1346.203417 1351.364754
1347.124753 1352.380805
1344.328600 1352.373349
1344.232605 1352.704441
1350.268500 1352.523031
1356.578521 1352.572380
1341.451923 1344.438208
1339.656918 1342.050618
1353.907174 1348.473465
1346.555965 1349.128104
1343.412133 1345.845976
1343.104996 1346.105169
1337.925131 1349.894659
1335.802332 1348.009076
1338.255786 1350.899762
1345.307186 1347.587560
1352.846353 1344.304279
1338.954879 1341.625320
1336.350523 1337.721816
1342.828508 1345.806413
1345.985374 1344.507493
1355.990430 1330.582772
1341.176094 1349.857265
1348.084970 1349.028159
1361.908984 1364.683899
1339.693127 1392.565453
1277.079579 1370.203605
1028.373247 1489.065873
1087.956369 1483.744434
1349.938424 1349.825050
1350.026015 1350.254357
1350.452333 1350.512998
1348.774784 1349.059702
1351.916174 1351.967506
1354.450000 1353.280999
1348.850961 1349.093600
1348.009838 1349.968864
1352.351899 1352.463109
1353.503761 1351.617055
1352.959635 1350.672008
1348.898545 1346.177417
1349.252319 1346.364887
1352.908190 1349.830702
1351.141129 1351.519888
1351.709795 1351.849746
1352.247362 1348.531880
1349.919133 1350.295684
1349.748364 1349.647315
1348.168154 1348.360850
1347.208381 1349.992474
1348.129717 1351.008525
1345.333564 1351.001068
1345.237568 1351.332161
1351.273464 1351.150750
1357.583485 1351.200100
1342.456887 1343.065928
1340.661882 1340.678338
1354.912138 1347.101185
1347.560928 1347.755824
1344.417096 1344.473696
1344.109960 1344.732889
1338.930095 1348.522379
1336.807296 1346.636796
1339.260750 1349.527482
1346.312150 1346.215280
1353.851317 1342.931999
1339.959843 1340.253040
1337.355487 1336.349536
1343.833472 1344.434133
1346.990338 1343.135213
1356.995394 1329.210492
1342.181058 1348.484985
1349.089934 1347.655879
1362.913947 1363.311619
1340.698090 1391.193173
1278.084543 1368.831325
1457.513825 1392.054947
1066.821301 936.595666
0.000000 0.000000
0.000000 0.000000
0.000000 0.000000
0.000000 0.000000
0.000000 0.000000
0.000000 0.000000
0.000000 0.000000
0.000000 0.000000
0.000000 0.000000
0.000000 0.000000
0.000000 0.000000
0.000000 0.000000
0.000000 0.000000
0.000000 0.000000
0.000000 0.000000
0.000000 0.000000
0.000000 0.000000
0.000000 0.000000
0.000000 0.000000
0.000000 0.000000
0.000000 0.000000
0.000000 0.000000
0.000000 0.000000
0.000000 0.000000
0.000000 0.000000
0.000000 0.000000
0.000000 0.000000
0.000000 0.000000
0.000000 0.000000
0.000000 0.000000
0.000000 0.000000
0.000000 0.000000
0.000000 0.000000
0.000000 0.000000
0.000000 0.000000
0.000000 0.000000
0.000000 0.000000
0.000000 0.000000
0.000000 0.000000
0.000000 0.000000
0.000000 0.000000
0.000000 0.000000
0.000000 0.000000
0.000000 0.000000
0.000000 0.000000
0.000000 0.000000
0.000000 0.000000
0.000000 0.000000
0.000000 0.000000
0.000000 0.000000
