0 44 1500.918817 1500.459475 0.722199
0 12 1499.837395 1499.361530 0.732819
0 16 1501.210787 1501.890500 0.878969
0 5 1501.258454 1500.223665 1.175315
0 7 1495.618958 1497.046181 1.532169
0 27 1511.729753 1509.916344 1.897111
0 35 1504.065045 1501.424491 2.698722
0 17 1493.066290 1495.958347 2.945262
0 26 1501.261304 1504.342039 3.130735
0 28 1507.539827 1504.272497 3.314517
0 1 1505.100842 1501.521858 3.622113
0 45 1505.726073 1501.122342 4.637339
0 24 1491.563875 1486.539886 5.054804
0 23 1506.905320 1501.747243 5.188096
0 15 1503.750111 1498.092602 5.684891
0 31 1501.015119 1507.377863 6.387103
0 21 1505.645663 1499.192130 6.477551
0 22 1502.807010 1496.318309 6.512589
0 4 1497.884901 1505.071475 7.208150
0 37 1502.237778 1494.157080 8.099892
0 0 1492.617534 1500.783258 8.184719
0 49 1499.038534 1499.595828 8.499729
0 48 1495.688655 1504.170095 8.499729
0 30 1489.718023 1499.570972 9.868697
0 32 1495.368671 1505.273738 9.920732
0 2 1509.837675 1498.966269 10.885681
0 8 1516.402075 1505.438237 10.977993
0 47 1459.415680 1471.852362 12.449162
0 20 1510.418726 1497.479604 12.951118
0 33 1506.916532 1493.261851 13.666049
0 19 1485.914695 1499.661734 13.758330
0 43 1496.437092 1482.321424 14.126665
0 3 1484.890906 1500.525712 15.644735
0 25 1479.170877 1494.953057 15.792016
0 39 1477.814909 1494.240436 16.434978
0 36 1487.349056 1504.588675 17.248624
0 9 1501.319577 1483.199764 18.128381
0 34 1512.479611 1493.644405 18.843449
0 42 1455.014664 1474.269901 19.263300
0 11 1503.798425 1480.632723 23.172404
0 41 1476.607946 1501.218558 24.616921
0 6 1514.321313 1476.302990 38.022407
0 14 1509.958133 1454.802822 55.158126
0 40 1464.940193 1540.551300 75.613161
0 38 1532.987720 1452.039135 80.950503
0 18 1511.020237 1592.737099 81.718762
0 10 1458.934864 1544.977650 86.044591
0 46 1302.308411 1518.197605 215.889913
0 13 2057.032471 1622.389725 434.643103
0 29 629.913757 1941.185211 1311.271572
1 44 1500.918817 1500.459475 0.722199
1 12 1499.837395 1499.361530 0.732819
1 16 1501.210787 1501.890500 0.878969
1 5 1501.258454 1500.223665 1.175315
1 7 1495.618958 1497.046181 1.532169
1 27 1511.729753 1509.916344 1.897111
1 35 1504.065045 1501.424491 2.698722
1 17 1493.066290 1495.958347 2.945262
1 26 1501.261304 1504.342039 3.130735
1 28 1507.539827 1504.272497 3.314517
1 1 1505.100842 1501.521858 3.622113
1 45 1505.726073 1501.122342 4.637339
1 24 1491.563875 1486.539886 5.054804
1 23 1506.905320 1501.747243 5.188096
1 15 1503.750111 1498.092602 5.684891
1 31 1501.015119 1507.377863 6.387103
1 21 1505.645663 1499.192130 6.477551
1 22 1502.807010 1496.318309 6.512589
1 4 1497.884901 1505.071475 7.208150
1 37 1502.237778 1494.157080 8.099892
1 0 1492.617534 1500.783258 8.184719
1 49 1499.038534 1499.595828 8.499729
1 48 1495.688655 1504.170095 8.499729
1 30 1489.718023 1499.570972 9.868697
1 32 1495.368671 1505.273738 9.920732
1 2 1509.837675 1498.966269 10.885681
1 8 1516.402075 1505.438237 10.977993
1 47 1459.415680 1471.852362 12.449162
1 20 1510.418726 1497.479604 12.951118
1 33 1506.916532 1493.261851 13.666049
1 19 1485.914695 1499.661734 13.758330
1 43 1496.437092 1482.321424 14.126665
1 3 1484.890906 1500.525712 15.644735
1 25 1479.170877 1494.953057 15.792016
1 39 1477.814909 1494.240436 16.434978
1 36 1487.349056 1504.588675 17.248624
1 9 1501.319577 1483.199764 18.128381
1 34 1512.479611 1493.644405 18.843449
1 42 1455.014664 1474.269901 19.263300
1 11 1503.798425 1480.632723 23.172404
1 41 1476.607946 1501.218558 24.616921
1 6 1514.321313 1476.302990 38.022407
1 14 1509.958133 1454.802822 55.158126
1 40 1464.940193 1540.551300 75.613161
1 38 1532.987720 1452.039135 80.950503
1 18 1511.020237 1592.737099 81.718762
1 10 1458.934864 1544.977650 86.044591
1 46 1302.308411 1518.197605 215.889913
1 13 2057.032471 1622.389725 434.643103
1 29 629.913757 1941.185211 1311.271572
2 44 1500.918817 1500.459475 0.722199
2 12 1499.837395 1499.361530 0.732819
2 16 1501.210787 1501.890500 0.878969
2 5 1501.258454 1500.223665 1.175315
2 7 1495.618958 1497.046181 1.532169
2 27 1511.729753 1509.916344 1.897111
2 35 1504.065045 1501.424491 2.698722
2 17 1493.066290 1495.958347 2.945262
2 26 1501.261304 1504.342039 3.130735
2 28 1507.539827 1504.272497 3.314517
2 1 1505.100842 1501.521858 3.622113
2 45 1505.726073 1501.122342 4.637339
2 24 1491.563875 1486.539886 5.054804
2 23 1506.905320 1501.747243 5.188096
2 15 1503.750111 1498.092602 5.684891
2 31 1501.015119 1507.377863 6.387103
2 21 1505.645663 1499.192130 6.477551
2 22 1502.807010 1496.318309 6.512589
2 4 1497.884901 1505.071475 7.208150
2 37 1502.237778 1494.157080 8.099892
2 0 1492.617534 1500.783258 8.184719
2 49 1499.038534 1499.595828 8.499729
2 48 1495.688655 1504.170095 8.499729
2 30 1489.718023 1499.570972 9.868697
2 32 1495.368671 1505.273738 9.920732
2 2 1509.837675 1498.966269 10.885681
2 8 1516.402075 1505.438237 10.977993
2 47 1459.415680 1471.852362 12.449162
2 20 1510.418726 1497.479604 12.951118
2 33 1506.916532 1493.261851 13.666049
2 19 1485.914695 1499.661734 13.758330
2 43 1496.437092 1482.321424 14.126665
2 3 1484.890906 1500.525712 15.644735
2 25 1479.170877 1494.953057 15.792016
2 39 1477.814909 1494.240436 16.434978
2 36 1487.349056 1504.588675 17.248624
2 9 1501.319577 1483.199764 18.128381
2 34 1512.479611 1493.644405 18.843449
2 42 1455.014664 1474.269901 19.263300
2 11 1503.798425 1480.632723 23.172404
2 41 1476.607946 1501.218558 24.616921
2 6 1514.321313 1476.302990 38.022407
2 14 1509.958133 1454.802822 55.158126
2 40 1464.940193 1540.551300 75.613161
2 38 1532.987720 1452.039135 80.950503
2 18 1511.020237 1592.737099 81.718762
2 10 1458.934864 1544.977650 86.044591
2 46 1302.308411 1518.197605 215.889913
2 13 2057.032471 1622.389725 434.643103
2 29 629.913757 1941.185211 1311.271572
3 44 1500.918817 1500.459475 0.722199
3 12 1499.837395 1499.361530 0.732819
3 16 1501.210787 1501.890500 0.878969
3 5 1501.258454 1500.223665 1.175315
3 7 1495.618958 1497.046181 1.532169
3 27 1511.729753 1509.916344 1.897111
3 35 1504.065045 1501.424491 2.698722
3 17 1493.066290 1495.958347 2.945262
3 26 1501.261304 1504.342039 3.130735
3 28 1507.539827 1504.272497 3.314517
3 1 1505.100842 1501.521858 3.622113
3 45 1505.726073 1501.122342 4.637339
3 24 1491.563875 1486.539886 5.054804
3 23 1506.905320 1501.747243 5.188096
3 15 1503.750111 1498.092602 5.684891
3 31 1501.015119 1507.377863 6.387103
3 21 1505.645663 1499.192130 6.477551
3 22 1502.807010 1496.318309 6.512589
3 4 1497.884901 1505.071475 7.208150
3 37 1502.237778 1494.157080 8.099892
3 0 1492.617534 1500.783258 8.184719
3 49 1499.038534 1499.595828 8.499729
3 48 1495.688655 1504.170095 8.499729
3 30 1489.718023 1499.570972 9.868697
3 32 1495.368671 1505.273738 9.920732
3 2 1509.837675 1498.966269 10.885681
3 8 1516.402075 1505.438237 10.977993
3 47 1459.415680 1471.852362 12.449162
3 20 1510.418726 1497.479604 12.951118
3 33 1506.916532 1493.261851 13.666049
3 19 1485.914695 1499.661734 13.758330
3 43 1496.437092 1482.321424 14.126665
3 3 1484.890906 1500.525712 15.644735
3 25 1479.170877 1494.953057 15.792016
3 39 1477.814909 1494.240436 16.434978
3 36 1487.349056 1504.588675 17.248624
3 9 1501.319577 1483.199764 18.128381
3 34 1512.479611 1493.644405 18.843449
3 42 1455.014664 1474.269901 19.263300
3 11 1503.798425 1480.632723 23.172404
3 41 1476.607946 1501.218558 24.616921
3 6 1514.321313 1476.302990 38.022407
3 14 1509.958133 1454.802822 55.158126
3 40 1464.940193 1540.551300 75.613161
3 38 1532.987720 1452.039135 80.950503
3 18 1511.020237 1592.737099 81.718762
3 10 1458.934864 1544.977650 86.044591
3 46 1302.308411 1518.197605 215.889913
3 13 2057.032471 1622.389725 434.643103
3 29 629.913757 1941.185211 1311.271572
4 44 1500.918817 1500.459475 0.722199
4 12 1499.837395 1499.361530 0.732819
4 16 1501.210787 1501.890500 0.878969
4 5 1501.258454 1500.223665 1.175315
4 7 1495.618958 1497.046181 1.532169
4 27 1511.729753 1509.916344 1.897111
4 35 1504.065045 1501.424491 2.698722
4 17 1493.066290 1495.958347 2.945262
4 26 1501.261304 1504.342039 3.130735
4 28 1507.539827 1504.272497 3.314517
4 1 1505.100842 1501.521858 3.622113
4 45 1505.726073 1501.122342 4.637339
4 24 1491.563875 1486.539886 5.054804
4 23 1506.905320 1501.747243 5.188096
4 15 1503.750111 1498.092602 5.684891
4 31 1501.015119 1507.377863 6.387103
4 21 1505.645663 1499.192130 6.477551
4 22 1502.807010 1496.318309 6.512589
4 4 1497.884901 1505.071475 7.208150
4 37 1502.237778 1494.157080 8.099892
4 0 1492.617534 1500.783258 8.184719
4 49 1499.038534 1499.595828 8.499729
4 48 1495.688655 1504.170095 8.499729
4 30 1489.718023 1499.570972 9.868697
4 32 1495.368671 1505.273738 9.920732
4 2 1509.837675 1498.966269 10.885681
4 8 1516.402075 1505.438237 10.977993
4 47 1459.415680 1471.852362 12.449162
4 20 1510.418726 1497.479604 12.951118
4 33 1506.916532 1493.261851 13.666049
4 19 1485.914695 1499.661734 13.758330
4 43 1496.437092 1482.321424 14.126665
4 3 1484.890906 1500.525712 15.644735
4 25 1479.170877 1494.953057 15.792016
4 39 1477.814909 1494.240436 16.434978
4 36 1487.349056 1504.588675 17.248624
4 9 1501.319577 1483.199764 18.128381
4 34 1512.479611 1493.644405 18.843449
4 42 1455.014664 1474.269901 19.263300
4 11 1503.798425 1480.632723 23.172404
4 41 1476.607946 1501.218558 24.616921
4 6 1514.321313 1476.302990 38.022407
4 14 1509.958133 1454.802822 55.158126
4 40 1464.940193 1540.551300 75.613161
4 38 1532.987720 1452.039135 80.950503
4 18 1511.020237 1592.737099 81.718762
4 10 1458.934864 1544.977650 86.044591
4 46 1302.308411 1518.197605 215.889913
4 13 2057.032471 1622.389725 434.643103
4 29 629.913757 1941.185211 1311.271572
5 44 1500.918817 1500.459475 0.722199
5 12 1499.837395 1499.361530 0.732819
5 16 1501.210787 1501.890500 0.878969
5 5 1501.258454 1500.223665 1.175315
5 7 1495.618958 1497.046181 1.532169
5 27 1511.729753 1509.916344 1.897111
5 35 1504.065045 1501.424491 2.698722
5 17 1493.066290 1495.958347 2.945262
5 26 1501.261304 1504.342039 3.130735
5 28 1507.539827 1504.272497 3.314517
5 1 1505.100842 1501.521858 3.622113
5 45 1505.726073 1501.122342 4.637339
5 24 1491.563875 1486.539886 5.054804
5 23 1506.905320 1501.747243 5.188096
5 15 1503.750111 1498.092602 5.684891
5 31 1501.015119 1507.377863 6.387103
5 21 1505.645663 1499.192130 6.477551
5 22 1502.807010 1496.318309 6.512589
5 4 1497.884901 1505.071475 7.208150
5 37 1502.237778 1494.157080 8.099892
5 0 1492.617534 1500.783258 8.184719
5 49 1499.038534 1499.595828 8.499729
5 48 1495.688655 1504.170095 8.499729
5 30 1489.718023 1499.570972 9.868697
5 32 1495.368671 1505.273738 9.920732
5 2 1509.837675 1498.966269 10.885681
5 8 1516.402075 1505.438237 10.977993
5 47 1459.415680 1471.852362 12.449162
5 20 1510.418726 1497.479604 12.951118
5 33 1506.916532 1493.261851 13.666049
5 19 1485.914695 1499.661734 13.758330
5 43 1496.437092 1482.321424 14.126665
5 3 1484.890906 1500.525712 15.644735
5 25 1479.170877 1494.953057 15.792016
5 39 1477.814909 1494.240436 16.434978
5 36 1487.349056 1504.588675 17.248624
5 9 1501.319577 1483.199764 18.128381
5 34 1512.479611 1493.644405 18.843449
5 42 1455.014664 1474.269901 19.263300
5 11 1503.798425 1480.632723 23.172404
5 41 1476.607946 1501.218558 24.616921
5 6 1514.321313 1476.302990 38.022407
5 14 1509.958133 1454.802822 55.158126
5 40 1464.940193 1540.551300 75.613161
5 38 1532.987720 1452.039135 80.950503
5 18 1511.020237 1592.737099 81.718762
5 10 1458.934864 1544.977650 86.044591
5 46 1302.308411 1518.197605 215.889913
5 13 2057.032471 1622.389725 434.643103
5 29 629.913757 1941.185211 1311.271572
6 44 1500.918817 1500.459475 0.722199
6 12 1499.837395 1499.361530 0.732819
6 16 1501.210787 1501.890500 0.878969
6 5 1501.258454 1500.223665 1.175315
6 7 1495.618958 1497.046181 1.532169
6 27 1511.729753 1509.916344 1.897111
6 35 1504.065045 1501.424491 2.698722
6 17 1493.066290 1495.958347 2.945262
6 26 1501.261304 1504.342039 3.130735
6 28 1507.539827 1504.272497 3.314517
6 1 1505.100842 1501.521858 3.622113
6 45 1505.726073 1501.122342 4.637339
6 24 1491.563875 1486.539886 5.054804
6 23 1506.905320 1501.747243 5.188096
6 15 1503.750111 1498.092602 5.684891
6 31 1501.015119 1507.377863 6.387103
6 21 1505.645663 1499.192130 6.477551
6 22 1502.807010 1496.318309 6.512589
6 4 1497.884901 1505.071475 7.208150
6 37 1502.237778 1494.157080 8.099892
6 0 1492.617534 1500.783258 8.184719
6 49 1499.038534 1499.595828 8.499729
6 48 1495.688655 1504.170095 8.499729
6 30 1489.718023 1499.570972 9.868697
6 32 1495.368671 1505.273738 9.920732
6 2 1509.837675 1498.966269 10.885681
6 8 1516.402075 1505.438237 10.977993
6 47 1459.415680 1471.852362 12.449162
6 20 1510.418726 1497.479604 12.951118
6 33 1506.916532 1493.261851 13.666049
6 19 1485.914695 1499.661734 13.758330
6 43 1496.437092 1482.321424 14.126665
6 3 1484.890906 1500.525712 15.644735
6 25 1479.170877 1494.953057 15.792016
6 39 1477.814909 1494.240436 16.434978
6 36 1487.349056 1504.588675 17.248624
6 9 1501.319577 1483.199764 18.128381
6 34 1512.479611 1493.644405 18.843449
6 42 1455.014664 1474.269901 19.263300
6 11 1503.798425 1480.632723 23.172404
6 41 1476.607946 1501.218558 24.616921
6 6 1514.321313 1476.302990 38.022407
6 14 1509.958133 1454.802822 55.158126
6 40 1464.940193 1540.551300 75.613161
6 38 1532.987720 1452.039135 80.950503
6 18 1511.020237 1592.737099 81.718762
6 10 1458.934864 1544.977650 86.044591
6 46 1302.308411 1518.197605 215.889913
6 13 2057.032471 1622.389725 434.643103
6 29 629.913757 1941.185211 1311.271572
7 44 1500.918817 1500.459475 0.722199
7 12 1499.837395 1499.361530 0.732819
7 16 1501.210787 1501.890500 0.878969
7 5 1501.258454 1500.223665 1.175315
7 7 1495.618958 1497.046181 1.532169
7 27 1511.729753 1509.916344 1.897111
7 35 1504.065045 1501.424491 2.698722
7 17 1493.066290 1495.958347 2.945262
7 26 1501.261304 1504.342039 3.130735
7 28 1507.539827 1504.272497 3.314517
7 1 1505.100842 1501.521858 3.622113
7 45 1505.726073 1501.122342 4.637339
7 24 1491.563875 1486.539886 5.054804
7 23 1506.905320 1501.747243 5.188096
7 15 1503.750111 1498.092602 5.684891
7 31 1501.015119 1507.377863 6.387103
7 21 1505.645663 1499.192130 6.477551
7 22 1502.807010 1496.318309 6.512589
7 4 1497.884901 1505.071475 7.208150
7 37 1502.237778 1494.157080 8.099892
7 0 1492.617534 1500.783258 8.184719
7 49 1499.038534 1499.595828 8.499729
7 48 1495.688655 1504.170095 8.499729
7 30 1489.718023 1499.570972 9.868697
7 32 1495.368671 1505.273738 9.920732
7 2 1509.837675 1498.966269 10.885681
7 8 1516.402075 1505.438237 10.977993
7 47 1459.415680 1471.852362 12.449162
7 20 1510.418726 1497.479604 12.951118
7 33 1506.916532 1493.261851 13.666049
7 19 1485.914695 1499.661734 13.758330
7 43 1496.437092 1482.321424 14.126665
7 3 1484.890906 1500.525712 15.644735
7 25 1479.170877 1494.953057 15.792016
7 39 1477.814909 1494.240436 16.434978
7 36 1487.349056 1504.588675 17.248624
7 9 1501.319577 1483.199764 18.128381
7 34 1512.479611 1493.644405 18.843449
7 42 1455.014664 1474.269901 19.263300
7 11 1503.798425 1480.632723 23.172404
7 41 1476.607946 1501.218558 24.616921
7 6 1514.321313 1476.302990 38.022407
7 14 1509.958133 1454.802822 55.158126
7 40 1464.940193 1540.551300 75.613161
7 38 1532.987720 1452.039135 80.950503
7 18 1511.020237 1592.737099 81.718762
7 10 1458.934864 1544.977650 86.044591
7 46 1302.308411 1518.197605 215.889913
7 13 2057.032471 1622.389725 434.643103
7 29 629.913757 1941.185211 1311.271572
8 44 1500.918817 1500.459475 0.722199
8 12 1499.837395 1499.361530 0.732819
8 16 1501.210787 1501.890500 0.878969
8 5 1501.258454 1500.223665 1.175315
8 7 1495.618958 1497.046181 1.532169
8 27 1511.729753 1509.916344 1.897111
8 35 1504.065045 1501.424491 2.698722
8 17 1493.066290 1495.958347 2.945262
8 26 1501.261304 1504.342039 3.130735
8 28 1507.539827 1504.272497 3.314517
8 1 1505.100842 1501.521858 3.622113
8 45 1505.726073 1501.122342 4.637339
8 24 1491.563875 1486.539886 5.054804
8 23 1506.905320 1501.747243 5.188096
8 15 1503.750111 1498.092602 5.684891
8 31 1501.015119 1507.377863 6.387103
8 21 1505.645663 1499.192130 6.477551
8 22 1502.807010 1496.318309 6.512589
8 4 1497.884901 1505.071475 7.208150
8 37 1502.237778 1494.157080 8.099892
8 0 1492.617534 1500.783258 8.184719
8 49 1499.038534 1499.595828 8.499729
8 48 1495.688655 1504.170095 8.499729
8 30 1489.718023 1499.570972 9.868697
8 32 1495.368671 1505.273738 9.920732
8 2 1509.837675 1498.966269 10.885681
8 8 1516.402075 1505.438237 10.977993
8 47 1459.415680 1471.852362 12.449162
8 20 1510.418726 1497.479604 12.951118
8 33 1506.916532 1493.261851 13.666049
8 19 1485.914695 1499.661734 13.758330
8 43 1496.437092 1482.321424 14.126665
8 3 1484.890906 1500.525712 15.644735
8 25 1479.170877 1494.953057 15.792016
8 39 1477.814909 1494.240436 16.434978
8 36 1487.349056 1504.588675 17.248624
8 9 1501.319577 1483.199764 18.128381
8 34 1512.479611 1493.644405 18.843449
8 42 1455.014664 1474.269901 19.263300
8 11 1503.798425 1480.632723 23.172404
8 41 1476.607946 1501.218558 24.616921
8 6 1514.321313 1476.302990 38.022407
8 14 1509.958133 1454.802822 55.158126
8 40 1464.940193 1540.551300 75.613161
8 38 1532.987720 1452.039135 80.950503
8 18 1511.020237 1592.737099 81.718762
8 10 1458.934864 1544.977650 86.044591
8 46 1302.308411 1518.197605 215.889913
8 13 2057.032471 1622.389725 434.643103
8 29 629.913757 1941.185211 1311.271572
9 44 1500.918817 1500.459475 0.722199
9 12 1499.837395 1499.361530 0.732819
9 16 1501.210787 1501.890500 0.878969
9 5 1501.258454 1500.223665 1.175315
9 7 1495.618958 1497.046181 1.532169
9 27 1511.729753 1509.916344 1.897111
9 35 1504.065045 1501.424491 2.698722
9 17 1493.066290 1495.958347 2.945262
9 26 1501.261304 1504.342039 3.130735
9 28 1507.539827 1504.272497 3.314517
9 1 1505.100842 1501.521858 3.622113
9 45 1505.726073 1501.122342 4.637339
9 24 1491.563875 1486.539886 5.054804
9 23 1506.905320 1501.747243 5.188096
9 15 1503.750111 1498.092602 5.684891
9 31 1501.015119 1507.377863 6.387103
9 21 1505.645663 1499.192130 6.477551
9 22 1502.807010 1496.318309 6.512589
9 4 1497.884901 1505.071475 7.208150
9 37 1502.237778 1494.157080 8.099892
9 0 1492.617534 1500.783258 8.184719
9 49 1499.038534 1499.595828 8.499729
9 48 1495.688655 1504.170095 8.499729
9 30 1489.718023 1499.570972 9.868697
9 32 1495.368671 1505.273738 9.920732
9 2 1509.837675 1498.966269 10.885681
9 8 1516.402075 1505.438237 10.977993
9 47 1459.415680 1471.852362 12.449162
9 20 1510.418726 1497.479604 12.951118
9 33 1506.916532 1493.261851 13.666049
9 19 1485.914695 1499.661734 13.758330
9 43 1496.437092 1482.321424 14.126665
9 3 1484.890906 1500.525712 15.644735
9 25 1479.170877 1494.953057 15.792016
9 39 1477.814909 1494.240436 16.434978
9 36 1487.349056 1504.588675 17.248624
9 9 1501.319577 1483.199764 18.128381
9 34 1512.479611 1493.644405 18.843449
9 42 1455.014664 1474.269901 19.263300
9 11 1503.798425 1480.632723 23.172404
9 41 1476.607946 1501.218558 24.616921
9 6 1514.321313 1476.302990 38.022407
9 14 1509.958133 1454.802822 55.158126
9 40 1464.940193 1540.551300 75.613161
9 38 1532.987720 1452.039135 80.950503
9 18 1511.020237 1592.737099 81.718762
9 10 1458.934864 1544.977650 86.044591
9 46 1302.308411 1518.197605 215.889913
9 13 2057.032471 1622.389725 434.643103
9 29 629.913757 1941.185211 1311.271572
10 44 1500.918817 1500.459475 0.722199
10 12 1499.837395 1499.361530 0.732819
10 16 1501.210787 1501.890500 0.878969
10 5 1501.258454 1500.223665 1.175315
10 7 1495.618958 1497.046181 1.532169
10 27 1511.729753 1509.916344 1.897111
10 35 1504.065045 1501.424491 2.698722
10 17 1493.066290 1495.958347 2.945262
10 26 1501.261304 1504.342039 3.130735
10 28 1507.539827 1504.272497 3.314517
10 1 1505.100842 1501.521858 3.622113
10 45 1505.726073 1501.122342 4.637339
10 24 1491.563875 1486.539886 5.054804
10 23 1506.905320 1501.747243 5.188096
10 15 1503.750111 1498.092602 5.684891
10 31 1501.015119 1507.377863 6.387103
10 21 1505.645663 1499.192130 6.477551
10 22 1502.807010 1496.318309 6.512589
10 4 1497.884901 1505.071475 7.208150
10 37 1502.237778 1494.157080 8.099892
10 0 1492.617534 1500.783258 8.184719
10 49 1499.038534 1499.595828 8.499729
10 48 1495.688655 1504.170095 8.499729
10 30 1489.718023 1499.570972 9.868697
10 32 1495.368671 1505.273738 9.920732
10 2 1509.837675 1498.966269 10.885681
10 8 1516.402075 1505.438237 10.977993
10 47 1459.415680 1471.852362 12.449162
10 20 1510.418726 1497.479604 12.951118
10 33 1506.916532 1493.261851 13.666049
10 19 1485.914695 1499.661734 13.758330
10 43 1496.437092 1482.321424 14.126665
10 3 1484.890906 1500.525712 15.644735
10 25 1479.170877 1494.953057 15.792016
10 39 1477.814909 1494.240436 16.434978
10 36 1487.349056 1504.588675 17.248624
10 9 1501.319577 1483.199764 18.128381
10 34 1512.479611 1493.644405 18.843449
10 42 1455.014664 1474.269901 19.263300
10 11 1503.798425 1480.632723 23.172404
10 41 1476.607946 1501.218558 24.616921
10 6 1514.321313 1476.302990 38.022407
10 14 1509.958133 1454.802822 55.158126
10 40 1464.940193 1540.551300 75.613161
10 38 1532.987720 1452.039135 80.950503
10 18 1511.020237 1592.737099 81.718762
10 10 1458.934864 1544.977650 86.044591
10 46 1302.308411 1518.197605 215.889913
10 13 2057.032471 1622.389725 434.643103
10 29 629.913757 1941.185211 1311.271572
11 44 1500.918817 1500.459475 0.722199
11 12 1499.837395 1499.361530 0.732819
11 16 1501.210787 1501.890500 0.878969
11 5 1501.258454 1500.223665 1.175315
11 7 1495.618958 1497.046181 1.532169
11 27 1511.729753 1509.916344 1.897111
11 35 1504.065045 1501.424491 2.698722
11 17 1493.066290 1495.958347 2.945262
11 26 1501.261304 1504.342039 3.130735
11 28 1507.539827 1504.272497 3.314517
11 1 1505.100842 1501.521858 3.622113
11 45 1505.726073 1501.122342 4.637339
11 24 1491.563875 1486.539886 5.054804
11 23 1506.905320 1501.747243 5.188096
11 15 1503.750111 1498.092602 5.684891
11 31 1501.015119 1507.377863 6.387103
11 21 1505.645663 1499.192130 6.477551
11 22 1502.807010 1496.318309 6.512589
11 4 1497.884901 1505.071475 7.208150
11 37 1502.237778 1494.157080 8.099892
11 0 1492.617534 1500.783258 8.184719
11 49 1499.038534 1499.595828 8.499729
11 48 1495.688655 1504.170095 8.499729
11 30 1489.718023 1499.570972 9.868697
11 32 1495.368671 1505.273738 9.920732
11 2 1509.837675 1498.966269 10.885681
11 8 1516.402075 1505.438237 10.977993
11 47 1459.415680 1471.852362 12.449162
11 20 1510.418726 1497.479604 12.951118
11 33 1506.916532 1493.261851 13.666049
11 19 1485.914695 1499.661734 13.758330
11 43 1496.437092 1482.321424 14.126665
11 3 1484.890906 1500.525712 15.644735
11 25 1479.170877 1494.953057 15.792016
11 39 1477.814909 1494.240436 16.434978
11 36 1487.349056 1504.588675 17.248624
11 9 1501.319577 1483.199764 18.128381
11 34 1512.479611 1493.644405 18.843449
11 42 1455.014664 1474.269901 19.263300
11 11 1503.798425 1480.632723 23.172404
11 41 1476.607946 1501.218558 24.616921
11 6 1514.321313 1476.302990 38.022407
11 14 1509.958133 1454.802822 55.158126
11 40 1464.940193 1540.551300 75.613161
11 38 1532.987720 1452.039135 80.950503
11 18 1511.020237 1592.737099 81.718762
11 10 1458.934864 1544.977650 86.044591
11 46 1302.308411 1518.197605 215.889913
11 13 2057.032471 1622.389725 434.643103
11 29 629.913757 1941.185211 1311.271572
12 44 1500.918817 1500.459475 0.722199
12 12 1499.837395 1499.361530 0.732819
12 16 1501.210787 1501.890500 0.878969
12 5 1501.258454 1500.223665 1.175315
12 7 1495.618958 1497.046181 1.532169
12 27 1511.729753 1509.916344 1.897111
12 35 1504.065045 1501.424491 2.698722
12 17 1493.066290 1495.958347 2.945262
12 26 1501.261304 1504.342039 3.130735
12 28 1507.539827 1504.272497 3.314517
12 1 1505.100842 1501.521858 3.622113
12 45 1505.726073 1501.122342 4.637339
12 24 1491.563875 1486.539886 5.054804
12 23 1506.905320 1501.747243 5.188096
12 15 1503.750111 1498.092602 5.684891
12 31 1501.015119 1507.377863 6.387103
12 21 1505.645663 1499.192130 6.477551
12 22 1502.807010 1496.318309 6.512589
12 4 1497.884901 1505.071475 7.208150
12 37 1502.237778 1494.157080 8.099892
12 0 1492.617534 1500.783258 8.184719
12 49 1499.038534 1499.595828 8.499729
12 48 1495.688655 1504.170095 8.499729
12 30 1489.718023 1499.570972 9.868697
12 32 1495.368671 1505.273738 9.920732
12 2 1509.837675 1498.966269 10.885681
12 8 1516.402075 1505.438237 10.977993
12 47 1459.415680 1471.852362 12.449162
12 20 1510.418726 1497.479604 12.951118
12 33 1506.916532 1493.261851 13.666049
12 19 1485.914695 1499.661734 13.758330
12 43 1496.437092 1482.321424 14.126665
12 3 1484.890906 1500.525712 15.644735
12 25 1479.170877 1494.953057 15.792016
12 39 1477.814909 1494.240436 16.434978
12 36 1487.349056 1504.588675 17.248624
12 9 1501.319577 1483.199764 18.128381
12 34 1512.479611 1493.644405 18.843449
12 42 1455.014664 1474.269901 19.263300
12 11 1503.798425 1480.632723 23.172404
12 41 1476.607946 1501.218558 24.616921
12 6 1514.321313 1476.302990 38.022407
12 14 1509.958133 1454.802822 55.158126
12 40 1464.940193 1540.551300 75.613161
12 38 1532.987720 1452.039135 80.950503
12 18 1511.020237 1592.737099 81.718762
12 10 1458.934864 1544.977650 86.044591
12 46 1302.308411 1518.197605 215.889913
12 13 2057.032471 1622.389725 434.643103
12 29 629.913757 1941.185211 1311.271572
13 44 1500.918817 1500.459475 0.722199
13 12 1499.837395 1499.361530 0.732819
13 16 1501.210787 1501.890500 0.878969
13 5 1501.258454 1500.223665 1.175315
13 7 1495.618958 1497.046181 1.532169
13 27 1511.729753 1509.916344 1.897111
13 35 1504.065045 1501.424491 2.698722
13 17 1493.066290 1495.958347 2.945262
13 26 1501.261304 1504.342039 3.130735
13 28 1507.539827 1504.272497 3.314517
13 1 1505.100842 1501.521858 3.622113
13 45 1505.726073 1501.122342 4.637339
13 24 1491.563875 1486.539886 5.054804
13 23 1506.905320 1501.747243 5.188096
13 15 1503.750111 1498.092602 5.684891
13 31 1501.015119 1507.377863 6.387103
13 21 1505.645663 1499.192130 6.477551
13 22 1502.807010 1496.318309 6.512589
13 4 1497.884901 1505.071475 7.208150
13 37 1502.237778 1494.157080 8.099892
13 0 1492.617534 1500.783258 8.184719
13 49 1499.038534 1499.595828 8.499729
13 48 1495.688655 1504.170095 8.499729
13 30 1489.718023 1499.570972 9.868697
13 32 1495.368671 1505.273738 9.920732
13 2 1509.837675 1498.966269 10.885681
13 8 1516.402075 1505.438237 10.977993
13 47 1459.415680 1471.852362 12.449162
13 20 1510.418726 1497.479604 12.951118
13 33 1506.916532 1493.261851 13.666049
13 19 1485.914695 1499.661734 13.758330
13 43 1496.437092 1482.321424 14.126665
13 3 1484.890906 1500.525712 15.644735
13 25 1479.170877 1494.953057 15.792016
13 39 1477.814909 1494.240436 16.434978
13 36 1487.349056 1504.588675 17.248624
13 9 1501.319577 1483.199764 18.128381
13 34 1512.479611 1493.644405 18.843449
13 42 1455.014664 1474.269901 19.263300
13 11 1503.798425 1480.632723 23.172404
13 41 1476.607946 1501.218558 24.616921
13 6 1514.321313 1476.302990 38.022407
13 14 1509.958133 1454.802822 55.158126
13 40 1464.940193 1540.551300 75.613161
13 38 1532.987720 1452.039135 80.950503
13 18 1511.020237 1592.737099 81.718762
13 10 1458.934864 1544.977650 86.044591
13 46 1302.308411 1518.197605 215.889913
13 13 2057.032471 1622.389725 434.643103
13 29 629.913757 1941.185211 1311.271572
14 44 1500.918817 1500.459475 0.722199
14 12 1499.837395 1499.361530 0.732819
14 16 1501.210787 1501.890500 0.878969
14 5 1501.258454 1500.223665 1.175315
14 7 1495.618958 1497.046181 1.532169
14 27 1511.729753 1509.916344 1.897111
14 35 1504.065045 1501.424491 2.698722
14 17 1493.066290 1495.958347 2.945262
14 26 1501.261304 1504.342039 3.130735
14 28 1507.539827 1504.272497 3.314517
14 1 1505.100842 1501.521858 3.622113
14 45 1505.726073 1501.122342 4.637339
14 24 1491.563875 1486.539886 5.054804
14 23 1506.905320 1501.747243 5.188096
14 15 1503.750111 1498.092602 5.684891
14 31 1501.015119 1507.377863 6.387103
14 21 1505.645663 1499.192130 6.477551
14 22 1502.807010 1496.318309 6.512589
14 4 1497.884901 1505.071475 7.208150
14 37 1502.237778 1494.157080 8.099892
14 0 1492.617534 1500.783258 8.184719
14 49 1499.038534 1499.595828 8.499729
14 48 1495.688655 1504.170095 8.499729
14 30 1489.718023 1499.570972 9.868697
14 32 1495.368671 1505.273738 9.920732
14 2 1509.837675 1498.966269 10.885681
14 8 1516.402075 1505.438237 10.977993
14 47 1459.415680 1471.852362 12.449162
14 20 1510.418726 1497.479604 12.951118
14 33 1506.916532 1493.261851 13.666049
14 19 1485.914695 1499.661734 13.758330
14 43 1496.437092 1482.321424 14.126665
14 3 1484.890906 1500.525712 15.644735
14 25 1479.170877 1494.953057 15.792016
14 39 1477.814909 1494.240436 16.434978
14 36 1487.349056 1504.588675 17.248624
14 9 1501.319577 1483.199764 18.128381
14 34 1512.479611 1493.644405 18.843449
14 42 1455.014664 1474.269901 19.263300
14 11 1503.798425 1480.632723 23.172404
14 41 1476.607946 1501.218558 24.616921
14 6 1514.321313 1476.302990 38.022407
14 14 1509.958133 1454.802822 55.158126
14 40 1464.940193 1540.551300 75.613161
14 38 1532.987720 1452.039135 80.950503
14 18 1511.020237 1592.737099 81.718762
14 10 1458.934864 1544.977650 86.044591
14 46 1302.308411 1518.197605 215.889913
14 13 2057.032471 1622.389725 434.643103
14 29 629.913757 1941.185211 1311.271572
15 44 1500.918817 1500.459475 0.722199
15 12 1499.837395 1499.361530 0.732819
15 16 1501.210787 1501.890500 0.878969
15 5 1501.258454 1500.223665 1.175315
15 7 1495.618958 1497.046181 1.532169
15 27 1511.729753 1509.916344 1.897111
15 35 1504.065045 1501.424491 2.698722
15 17 1493.066290 1495.958347 2.945262
15 26 1501.261304 1504.342039 3.130735
15 28 1507.539827 1504.272497 3.314517
15 1 1505.100842 1501.521858 3.622113
15 45 1505.726073 1501.122342 4.637339
15 24 1491.563875 1486.539886 5.054804
15 23 1506.905320 1501.747243 5.188096
15 15 1503.750111 1498.092602 5.684891
15 31 1501.015119 1507.377863 6.387103
15 21 1505.645663 1499.192130 6.477551
15 22 1502.807010 1496.318309 6.512589
15 4 1497.884901 1505.071475 7.208150
15 37 1502.237778 1494.157080 8.099892
15 0 1492.617534 1500.783258 8.184719
15 49 1499.038534 1499.595828 8.499729
15 48 1495.688655 1504.170095 8.499729
15 30 1489.718023 1499.570972 9.868697
15 32 1495.368671 1505.273738 9.920732
15 2 1509.837675 1498.966269 10.885681
15 8 1516.402075 1505.438237 10.977993
15 47 1459.415680 1471.852362 12.449162
15 20 1510.418726 1497.479604 12.951118
15 33 1506.916532 1493.261851 13.666049
15 19 1485.914695 1499.661734 13.758330
15 43 1496.437092 1482.321424 14.126665
15 3 1484.890906 1500.525712 15.644735
15 25 1479.170877 1494.953057 15.792016
15 39 1477.814909 1494.240436 16.434978
15 36 1487.349056 1504.588675 17.248624
15 9 1501.319577 1483.199764 18.128381
15 34 1512.479611 1493.644405 18.843449
15 42 1455.014664 1474.269901 19.263300
15 11 1503.798425 1480.632723 23.172404
15 41 1476.607946 1501.218558 24.616921
15 6 1514.321313 1476.302990 38.022407
15 14 1509.958133 1454.802822 55.158126
15 40 1464.940193 1540.551300 75.613161
15 38 1532.987720 1452.039135 80.950503
15 18 1511.020237 1592.737099 81.718762
15 10 1458.934864 1544.977650 86.044591
15 46 1302.308411 1518.197605 215.889913
15 13 2057.032471 1622.389725 434.643103
15 29 629.913757 1941.185211 1311.271572
16 44 1500.918817 1500.459475 0.722199
16 12 1499.837395 1499.361530 0.732819
16 16 1501.210787 1501.890500 0.878969
16 5 1501.258454 1500.223665 1.175315
16 7 1495.618958 1497.046181 1.532169
16 27 1511.729753 1509.916344 1.897111
16 35 1504.065045 1501.424491 2.698722
16 17 1493.066290 1495.958347 2.945262
16 26 1501.261304 1504.342039 3.130735
16 28 1507.539827 1504.272497 3.314517
16 1 1505.100842 1501.521858 3.622113
16 45 1505.726073 1501.122342 4.637339
16 24 1491.563875 1486.539886 5.054804
16 23 1506.905320 1501.747243 5.188096
16 15 1503.750111 1498.092602 5.684891
16 31 1501.015119 1507.377863 6.387103
16 21 1505.645663 1499.192130 6.477551
16 22 1502.807010 1496.318309 6.512589
16 4 1497.884901 1505.071475 7.208150
16 37 1502.237778 1494.157080 8.099892
16 0 1492.617534 1500.783258 8.184719
16 49 1499.038534 1499.595828 8.499729
16 48 1495.688655 1504.170095 8.499729
16 30 1489.718023 1499.570972 9.868697
16 32 1495.368671 1505.273738 9.920732
16 2 1509.837675 1498.966269 10.885681
16 8 1516.402075 1505.438237 10.977993
16 47 1459.415680 1471.852362 12.449162
16 20 1510.418726 1497.479604 12.951118
16 33 1506.916532 1493.261851 13.666049
16 19 1485.914695 1499.661734 13.758330
16 43 1496.437092 1482.321424 14.126665
16 3 1484.890906 1500.525712 15.644735
16 25 1479.170877 1494.953057 15.792016
16 39 1477.814909 1494.240436 16.434978
16 36 1487.349056 1504.588675 17.248624
16 9 1501.319577 1483.199764 18.128381
16 34 1512.479611 1493.644405 18.843449
16 42 1455.014664 1474.269901 19.263300
16 11 1503.798425 1480.632723 23.172404
16 41 1476.607946 1501.218558 24.616921
16 6 1514.321313 1476.302990 38.022407
16 14 1509.958133 1454.802822 55.158126
16 40 1464.940193 1540.551300 75.613161
16 38 1532.987720 1452.039135 80.950503
16 18 1511.020237 1592.737099 81.718762
16 10 1458.934864 1544.977650 86.044591
16 46 1302.308411 1518.197605 215.889913
16 13 2057.032471 1622.389725 434.643103
16 29 629.913757 1941.185211 1311.271572
17 44 1500.918817 1500.459475 0.722199
17 12 1499.837395 1499.361530 0.732819
17 16 1501.210787 1501.890500 0.878969
17 5 1501.258454 1500.223665 1.175315
17 7 1495.618958 1497.046181 1.532169
17 27 1511.729753 1509.916344 1.897111
17 35 1504.065045 1501.424491 2.698722
17 17 1493.066290 1495.958347 2.945262
17 26 1501.261304 1504.342039 3.130735
17 28 1507.539827 1504.272497 3.314517
17 1 1505.100842 1501.521858 3.622113
17 45 1505.726073 1501.122342 4.637339
17 24 1491.563875 1486.539886 5.054804
17 23 1506.905320 1501.747243 5.188096
17 15 1503.750111 1498.092602 5.684891
17 31 1501.015119 1507.377863 6.387103
17 21 1505.645663 1499.192130 6.477551
17 22 1502.807010 1496.318309 6.512589
17 4 1497.884901 1505.071475 7.208150
17 37 1502.237778 1494.157080 8.099892
17 0 1492.617534 1500.783258 8.184719
17 49 1499.038534 1499.595828 8.499729
17 48 1495.688655 1504.170095 8.499729
17 30 1489.718023 1499.570972 9.868697
17 32 1495.368671 1505.273738 9.920732
17 2 1509.837675 1498.966269 10.885681
17 8 1516.402075 1505.438237 10.977993
17 47 1459.415680 1471.852362 12.449162
17 20 1510.418726 1497.479604 12.951118
17 33 1506.916532 1493.261851 13.666049
17 19 1485.914695 1499.661734 13.758330
17 43 1496.437092 1482.321424 14.126665
17 3 1484.890906 1500.525712 15.644735
17 25 1479.170877 1494.953057 15.792016
17 39 1477.814909 1494.240436 16.434978
17 36 1487.349056 1504.588675 17.248624
17 9 1501.319577 1483.199764 18.128381
17 34 1512.479611 1493.644405 18.843449
17 42 1455.014664 1474.269901 19.263300
17 11 1503.798425 1480.632723 23.172404
17 41 1476.607946 1501.218558 24.616921
17 6 1514.321313 1476.302990 38.022407
17 14 1509.958133 1454.802822 55.158126
17 40 1464.940193 1540.551300 75.613161
17 38 1532.987720 1452.039135 80.950503
17 18 1511.020237 1592.737099 81.718762
17 10 1458.934864 1544.977650 86.044591
17 46 1302.308411 1518.197605 215.889913
17 13 2057.032471 1622.389725 434.643103
17 29 629.913757 1941.185211 1311.271572
18 44 1500.918817 1500.459475 0.722199
18 12 1499.837395 1499.361530 0.732819
18 16 1501.210787 1501.890500 0.878969
18 5 1501.258454 1500.223665 1.175315
18 7 1495.618958 1497.046181 1.532169
18 27 1511.729753 1509.916344 1.897111
18 35 1504.065045 1501.424491 2.698722
18 17 1493.066290 1495.958347 2.945262
18 26 1501.261304 1504.342039 3.130735
18 28 1507.539827 1504.272497 3.314517
18 1 1505.100842 1501.521858 3.622113
18 45 1505.726073 1501.122342 4.637339
18 24 1491.563875 1486.539886 5.054804
18 23 1506.905320 1501.747243 5.188096
18 15 1503.750111 1498.092602 5.684891
18 31 1501.015119 1507.377863 6.387103
18 21 1505.645663 1499.192130 6.477551
18 22 1502.807010 1496.318309 6.512589
18 4 1497.884901 1505.071475 7.208150
18 37 1502.237778 1494.157080 8.099892
18 0 1492.617534 1500.783258 8.184719
18 49 1499.038534 1499.595828 8.499729
18 48 1495.688655 1504.170095 8.499729
18 30 1489.718023 1499.570972 9.868697
18 32 1495.368671 1505.273738 9.920732
18 2 1509.837675 1498.966269 10.885681
18 8 1516.402075 1505.438237 10.977993
18 47 1459.415680 1471.852362 12.449162
18 20 1510.418726 1497.479604 12.951118
18 33 1506.916532 1493.261851 13.666049
18 19 1485.914695 1499.661734 13.758330
18 43 1496.437092 1482.321424 14.126665
18 3 1484.890906 1500.525712 15.644735
18 25 1479.170877 1494.953057 15.792016
18 39 1477.814909 1494.240436 16.434978
18 36 1487.349056 1504.588675 17.248624
18 9 1501.319577 1483.199764 18.128381
18 34 1512.479611 1493.644405 18.843449
18 42 1455.014664 1474.269901 19.263300
18 11 1503.798425 1480.632723 23.172404
18 41 1476.607946 1501.218558 24.616921
18 6 1514.321313 1476.302990 38.022407
18 14 1509.958133 1454.802822 55.158126
18 40 1464.940193 1540.551300 75.613161
18 38 1532.987720 1452.039135 80.950503
18 18 1511.020237 1592.737099 81.718762
18 10 1458.934864 1544.977650 86.044591
18 46 1302.308411 1518.197605 215.889913
18 13 2057.032471 1622.389725 434.643103
18 29 629.913757 1941.185211 1311.271572
19 44 1500.918817 1500.459475 0.722199
19 12 1499.837395 1499.361530 0.732819
19 16 1501.210787 1501.890500 0.878969
19 5 1501.258454 1500.223665 1.175315
19 7 1495.618958 1497.046181 1.532169
19 27 1511.729753 1509.916344 1.897111
19 35 1504.065045 1501.424491 2.698722
19 17 1493.066290 1495.958347 2.945262
19 26 1501.261304 1504.342039 3.130735
19 28 1507.539827 1504.272497 3.314517
19 1 1505.100842 1501.521858 3.622113
19 45 1505.726073 1501.122342 4.637339
19 24 1491.563875 1486.539886 5.054804
19 23 1506.905320 1501.747243 5.188096
19 15 1503.750111 1498.092602 5.684891
19 31 1501.015119 1507.377863 6.387103
19 21 1505.645663 1499.192130 6.477551
19 22 1502.807010 1496.318309 6.512589
19 4 1497.884901 1505.071475 7.208150
19 37 1502.237778 1494.157080 8.099892
19 0 1492.617534 1500.783258 8.184719
19 49 1499.038534 1499.595828 8.499729
19 48 1495.688655 1504.170095 8.499729
19 30 1489.718023 1499.570972 9.868697
19 32 1495.368671 1505.273738 9.920732
19 2 1509.837675 1498.966269 10.885681
19 8 1516.402075 1505.438237 10.977993
19 47 1459.415680 1471.852362 12.449162
19 20 1510.418726 1497.479604 12.951118
19 33 1506.916532 1493.261851 13.666049
19 19 1485.914695 1499.661734 13.758330
19 43 1496.437092 1482.321424 14.126665
19 3 1484.890906 1500.525712 15.644735
19 25 1479.170877 1494.953057 15.792016
19 39 1477.814909 1494.240436 16.434978
19 36 1487.349056 1504.588675 17.248624
19 9 1501.319577 1483.199764 18.128381
19 34 1512.479611 1493.644405 18.843449
19 42 1455.014664 1474.269901 19.263300
19 11 1503.798425 1480.632723 23.172404
19 41 1476.607946 1501.218558 24.616921
19 6 1514.321313 1476.302990 38.022407
19 14 1509.958133 1454.802822 55.158126
19 40 1464.940193 1540.551300 75.613161
19 38 1532.987720 1452.039135 80.950503
19 18 1511.020237 1592.737099 81.718762
19 10 1458.934864 1544.977650 86.044591
19 46 1302.308411 1518.197605 215.889913
19 13 2057.032471 1622.389725 434.643103
19 29 629.913757 1941.185211 1311.271572
20 44 1500.918817 1500.459475 0.722199
20 12 1499.837395 1499.361530 0.732819
20 16 1501.210787 1501.890500 0.878969
20 5 1501.258454 1500.223665 1.175315
20 7 1495.618958 1497.046181 1.532169
20 27 1511.729753 1509.916344 1.897111
20 35 1504.065045 1501.424491 2.698722
20 17 1493.066290 1495.958347 2.945262
20 26 1501.261304 1504.342039 3.130735
20 28 1507.539827 1504.272497 3.314517
20 1 1505.100842 1501.521858 3.622113
20 45 1505.726073 1501.122342 4.637339
20 24 1491.563875 1486.539886 5.054804
20 23 1506.905320 1501.747243 5.188096
20 15 1503.750111 1498.092602 5.684891
20 31 1501.015119 1507.377863 6.387103
20 21 1505.645663 1499.192130 6.477551
20 22 1502.807010 1496.318309 6.512589
20 4 1497.884901 1505.071475 7.208150
20 37 1502.237778 1494.157080 8.099892
20 0 1492.617534 1500.783258 8.184719
20 49 1499.038534 1499.595828 8.499729
20 48 1495.688655 1504.170095 8.499729
20 30 1489.718023 1499.570972 9.868697
20 32 1495.368671 1505.273738 9.920732
20 2 1509.837675 1498.966269 10.885681
20 8 1516.402075 1505.438237 10.977993
20 47 1459.415680 1471.852362 12.449162
20 20 1510.418726 1497.479604 12.951118
20 33 1506.916532 1493.261851 13.666049
20 19 1485.914695 1499.661734 13.758330
20 43 1496.437092 1482.321424 14.126665
20 3 1484.890906 1500.525712 15.644735
20 25 1479.170877 1494.953057 15.792016
20 39 1477.814909 1494.240436 16.434978
20 36 1487.349056 1504.588675 17.248624
20 9 1501.319577 1483.199764 18.128381
20 34 1512.479611 1493.644405 18.843449
20 42 1455.014664 1474.269901 19.263300
20 11 1503.798425 1480.632723 23.172404
20 41 1476.607946 1501.218558 24.616921
20 6 1514.321313 1476.302990 38.022407
20 14 1509.958133 1454.802822 55.158126
20 40 1464.940193 1540.551300 75.613161
20 38 1532.987720 1452.039135 80.950503
20 18 1511.020237 1592.737099 81.718762
20 10 1458.934864 1544.977650 86.044591
20 46 1302.308411 1518.197605 215.889913
20 13 2057.032471 1622.389725 434.643103
20 29 629.913757 1941.185211 1311.271572
21 44 1500.918817 1500.459475 0.722199
21 12 1499.837395 1499.361530 0.732819
21 16 1501.210787 1501.890500 0.878969
21 5 1501.258454 1500.223665 1.175315
21 7 1495.618958 1497.046181 1.532169
21 27 1511.729753 1509.916344 1.897111
21 35 1504.065045 1501.424491 2.698722
21 17 1493.066290 1495.958347 2.945262
21 26 1501.261304 1504.342039 3.130735
21 28 1507.539827 1504.272497 3.314517
21 1 1505.100842 1501.521858 3.622113
21 45 1505.726073 1501.122342 4.637339
21 24 1491.563875 1486.539886 5.054804
21 23 1506.905320 1501.747243 5.188096
21 15 1503.750111 1498.092602 5.684891
21 31 1501.015119 1507.377863 6.387103
21 21 1505.645663 1499.192130 6.477551
21 22 1502.807010 1496.318309 6.512589
21 4 1497.884901 1505.071475 7.208150
21 37 1502.237778 1494.157080 8.099892
21 0 1492.617534 1500.783258 8.184719
21 49 1499.038534 1499.595828 8.499729
21 48 1495.688655 1504.170095 8.499729
21 30 1489.718023 1499.570972 9.868697
21 32 1495.368671 1505.273738 9.920732
21 2 1509.837675 1498.966269 10.885681
21 8 1516.402075 1505.438237 10.977993
21 47 1459.415680 1471.852362 12.449162
21 20 1510.418726 1497.479604 12.951118
21 33 1506.916532 1493.261851 13.666049
21 19 1485.914695 1499.661734 13.758330
21 43 1496.437092 1482.321424 14.126665
21 3 1484.890906 1500.525712 15.644735
21 25 1479.170877 1494.953057 15.792016
21 39 1477.814909 1494.240436 16.434978
21 36 1487.349056 1504.588675 17.248624
21 9 1501.319577 1483.199764 18.128381
21 34 1512.479611 1493.644405 18.843449
21 42 1455.014664 1474.269901 19.263300
21 11 1503.798425 1480.632723 23.172404
21 41 1476.607946 1501.218558 24.616921
21 6 1514.321313 1476.302990 38.022407
21 14 1509.958133 1454.802822 55.158126
21 40 1464.940193 1540.551300 75.613161
21 38 1532.987720 1452.039135 80.950503
21 18 1511.020237 1592.737099 81.718762
21 10 1458.934864 1544.977650 86.044591
21 46 1302.308411 1518.197605 215.889913
21 13 2057.032471 1622.389725 434.643103
21 29 629.913757 1941.185211 1311.271572
22 44 1500.918817 1500.459475 0.722199
22 12 1499.837395 1499.361530 0.732819
22 16 1501.210787 1501.890500 0.878969
22 5 1501.258454 1500.223665 1.175315
22 7 1495.618958 1497.046181 1.532169
22 27 1511.729753 1509.916344 1.897111
22 35 1504.065045 1501.424491 2.698722
22 17 1493.066290 1495.958347 2.945262
22 26 1501.261304 1504.342039 3.130735
22 28 1507.539827 1504.272497 3.314517
22 1 1505.100842 1501.521858 3.622113
22 45 1505.726073 1501.122342 4.637339
22 24 1491.563875 1486.539886 5.054804
22 23 1506.905320 1501.747243 5.188096
22 15 1503.750111 1498.092602 5.684891
22 31 1501.015119 1507.377863 6.387103
22 21 1505.645663 1499.192130 6.477551
22 22 1502.807010 1496.318309 6.512589
22 4 1497.884901 1505.071475 7.208150
22 37 1502.237778 1494.157080 8.099892
22 0 1492.617534 1500.783258 8.184719
22 49 1499.038534 1499.595828 8.499729
22 48 1495.688655 1504.170095 8.499729
22 30 1489.718023 1499.570972 9.868697
22 32 1495.368671 1505.273738 9.920732
22 2 1509.837675 1498.966269 10.885681
22 8 1516.402075 1505.438237 10.977993
22 47 1459.415680 1471.852362 12.449162
22 20 1510.418726 1497.479604 12.951118
22 33 1506.916532 1493.261851 13.666049
22 19 1485.914695 1499.661734 13.758330
22 43 1496.437092 1482.321424 14.126665
22 3 1484.890906 1500.525712 15.644735
22 25 1479.170877 1494.953057 15.792016
22 39 1477.814909 1494.240436 16.434978
22 36 1487.349056 1504.588675 17.248624
22 9 1501.319577 1483.199764 18.128381
22 34 1512.479611 1493.644405 18.843449
22 42 1455.014664 1474.269901 19.263300
22 11 1503.798425 1480.632723 23.172404
22 41 1476.607946 1501.218558 24.616921
22 6 1514.321313 1476.302990 38.022407
22 14 1509.958133 1454.802822 55.158126
22 40 1464.940193 1540.551300 75.613161
22 38 1532.987720 1452.039135 80.950503
22 18 1511.020237 1592.737099 81.718762
22 10 1458.934864 1544.977650 86.044591
22 46 1302.308411 1518.197605 215.889913
22 13 2057.032471 1622.389725 434.643103
22 29 629.913757 1941.185211 1311.271572
23 44 1500.918817 1500.459475 0.722199
23 12 1499.837395 1499.361530 0.732819
23 16 1501.210787 1501.890500 0.878969
23 5 1501.258454 1500.223665 1.175315
23 7 1495.618958 1497.046181 1.532169
23 27 1511.729753 1509.916344 1.897111
23 35 1504.065045 1501.424491 2.698722
23 17 1493.066290 1495.958347 2.945262
23 26 1501.261304 1504.342039 3.130735
23 28 1507.539827 1504.272497 3.314517
23 1 1505.100842 1501.521858 3.622113
23 45 1505.726073 1501.122342 4.637339
23 24 1491.563875 1486.539886 5.054804
23 23 1506.905320 1501.747243 5.188096
23 15 1503.750111 1498.092602 5.684891
23 31 1501.015119 1507.377863 6.387103
23 21 1505.645663 1499.192130 6.477551
23 22 1502.807010 1496.318309 6.512589
23 4 1497.884901 1505.071475 7.208150
23 37 1502.237778 1494.157080 8.099892
23 0 1492.617534 1500.783258 8.184719
23 49 1499.038534 1499.595828 8.499729
23 48 1495.688655 1504.170095 8.499729
23 30 1489.718023 1499.570972 9.868697
23 32 1495.368671 1505.273738 9.920732
23 2 1509.837675 1498.966269 10.885681
23 8 1516.402075 1505.438237 10.977993
23 47 1459.415680 1471.852362 12.449162
23 20 1510.418726 1497.479604 12.951118
23 33 1506.916532 1493.261851 13.666049
23 19 1485.914695 1499.661734 13.758330
23 43 1496.437092 1482.321424 14.126665
23 3 1484.890906 1500.525712 15.644735
23 25 1479.170877 1494.953057 15.792016
23 39 1477.814909 1494.240436 16.434978
23 36 1487.349056 1504.588675 17.248624
23 9 1501.319577 1483.199764 18.128381
23 34 1512.479611 1493.644405 18.843449
23 42 1455.014664 1474.269901 19.263300
23 11 1503.798425 1480.632723 23.172404
23 41 1476.607946 1501.218558 24.616921
23 6 1514.321313 1476.302990 38.022407
23 14 1509.958133 1454.802822 55.158126
23 40 1464.940193 1540.551300 75.613161
23 38 1532.987720 1452.039135 80.950503
23 18 1511.020237 1592.737099 81.718762
23 10 1458.934864 1544.977650 86.044591
23 46 1302.308411 1518.197605 215.889913
23 13 2057.032471 1622.389725 434.643103
23 29 629.913757 1941.185211 1311.271572
24 44 1500.918817 1500.459475 0.722199
24 12 1499.837395 1499.361530 0.732819
24 16 1501.210787 1501.890500 0.878969
24 5 1501.258454 1500.223665 1.175315
24 7 1495.618958 1497.046181 1.532169
24 27 1511.729753 1509.916344 1.897111
24 35 1504.065045 1501.424491 2.698722
24 17 1493.066290 1495.958347 2.945262
24 26 1501.261304 1504.342039 3.130735
24 28 1507.539827 1504.272497 3.314517
24 1 1505.100842 1501.521858 3.622113
24 45 1505.726073 1501.122342 4.637339
24 24 1491.563875 1486.539886 5.054804
24 23 1506.905320 1501.747243 5.188096
24 15 1503.750111 1498.092602 5.684891
24 31 1501.015119 1507.377863 6.387103
24 21 1505.645663 1499.192130 6.477551
24 22 1502.807010 1496.318309 6.512589
24 4 1497.884901 1505.071475 7.208150
24 37 1502.237778 1494.157080 8.099892
24 0 1492.617534 1500.783258 8.184719
24 49 1499.038534 1499.595828 8.499729
24 48 1495.688655 1504.170095 8.499729
24 30 1489.718023 1499.570972 9.868697
24 32 1495.368671 1505.273738 9.920732
24 2 1509.837675 1498.966269 10.885681
24 8 1516.402075 1505.438237 10.977993
24 47 1459.415680 1471.852362 12.449162
24 20 1510.418726 1497.479604 12.951118
24 33 1506.916532 1493.261851 13.666049
24 19 1485.914695 1499.661734 13.758330
24 43 1496.437092 1482.321424 14.126665
24 3 1484.890906 1500.525712 15.644735
24 25 1479.170877 1494.953057 15.792016
24 39 1477.814909 1494.240436 16.434978
24 36 1487.349056 1504.588675 17.248624
24 9 1501.319577 1483.199764 18.128381
24 34 1512.479611 1493.644405 18.843449
24 42 1455.014664 1474.269901 19.263300
24 11 1503.798425 1480.632723 23.172404
24 41 1476.607946 1501.218558 24.616921
24 6 1514.321313 1476.302990 38.022407
24 14 1509.958133 1454.802822 55.158126
24 40 1464.940193 1540.551300 75.613161
24 38 1532.987720 1452.039135 80.950503
24 18 1511.020237 1592.737099 81.718762
24 10 1458.934864 1544.977650 86.044591
24 46 1302.308411 1518.197605 215.889913
24 13 2057.032471 1622.389725 434.643103
24 29 629.913757 1941.185211 1311.271572
25 44 1500.918817 1500.459475 0.722199
25 12 1499.837395 1499.361530 0.732819
25 16 1501.210787 1501.890500 0.878969
25 5 1501.258454 1500.223665 1.175315
25 7 1495.618958 1497.046181 1.532169
25 27 1511.729753 1509.916344 1.897111
25 35 1504.065045 1501.424491 2.698722
25 17 1493.066290 1495.958347 2.945262
25 26 1501.261304 1504.342039 3.130735
25 28 1507.539827 1504.272497 3.314517
25 1 1505.100842 1501.521858 3.622113
25 45 1505.726073 1501.122342 4.637339
25 24 1491.563875 1486.539886 5.054804
25 23 1506.905320 1501.747243 5.188096
25 15 1503.750111 1498.092602 5.684891
25 31 1501.015119 1507.377863 6.387103
25 21 1505.645663 1499.192130 6.477551
25 22 1502.807010 1496.318309 6.512589
25 4 1497.884901 1505.071475 7.208150
25 37 1502.237778 1494.157080 8.099892
25 0 1492.617534 1500.783258 8.184719
25 49 1499.038534 1499.595828 8.499729
25 48 1495.688655 1504.170095 8.499729
25 30 1489.718023 1499.570972 9.868697
25 32 1495.368671 1505.273738 9.920732
25 2 1509.837675 1498.966269 10.885681
25 8 1516.402075 1505.438237 10.977993
25 47 1459.415680 1471.852362 12.449162
25 20 1510.418726 1497.479604 12.951118
25 33 1506.916532 1493.261851 13.666049
25 19 1485.914695 1499.661734 13.758330
25 43 1496.437092 1482.321424 14.126665
25 3 1484.890906 1500.525712 15.644735
25 25 1479.170877 1494.953057 15.792016
25 39 1477.814909 1494.240436 16.434978
25 36 1487.349056 1504.588675 17.248624
25 9 1501.319577 1483.199764 18.128381
25 34 1512.479611 1493.644405 18.843449
25 42 1455.014664 1474.269901 19.263300
25 11 1503.798425 1480.632723 23.172404
25 41 1476.607946 1501.218558 24.616921
25 6 1514.321313 1476.302990 38.022407
25 14 1509.958133 1454.802822 55.158126
25 40 1464.940193 1540.551300 75.613161
25 38 1532.987720 1452.039135 80.950503
25 18 1511.020237 1592.737099 81.718762
25 10 1458.934864 1544.977650 86.044591
25 46 1302.308411 1518.197605 215.889913
25 13 2057.032471 1622.389725 434.643103
25 29 629.913757 1941.185211 1311.271572
26 44 1500.918817 1500.459475 0.722199
26 12 1499.837395 1499.361530 0.732819
26 16 1501.210787 1501.890500 0.878969
26 5 1501.258454 1500.223665 1.175315
26 7 1495.618958 1497.046181 1.532169
26 27 1511.729753 1509.916344 1.897111
26 35 1504.065045 1501.424491 2.698722
26 17 1493.066290 1495.958347 2.945262
26 26 1501.261304 1504.342039 3.130735
26 28 1507.539827 1504.272497 3.314517
26 1 1505.100842 1501.521858 3.622113
26 45 1505.726073 1501.122342 4.637339
26 24 1491.563875 1486.539886 5.054804
26 23 1506.905320 1501.747243 5.188096
26 15 1503.750111 1498.092602 5.684891
26 31 1501.015119 1507.377863 6.387103
26 21 1505.645663 1499.192130 6.477551
26 22 1502.807010 1496.318309 6.512589
26 4 1497.884901 1505.071475 7.208150
26 37 1502.237778 1494.157080 8.099892
26 0 1492.617534 1500.783258 8.184719
26 49 1499.038534 1499.595828 8.499729
26 48 1495.688655 1504.170095 8.499729
26 30 1489.718023 1499.570972 9.868697
26 32 1495.368671 1505.273738 9.920732
26 2 1509.837675 1498.966269 10.885681
26 8 1516.402075 1505.438237 10.977993
26 47 1459.415680 1471.852362 12.449162
26 20 1510.418726 1497.479604 12.951118
26 33 1506.916532 1493.261851 13.666049
26 19 1485.914695 1499.661734 13.758330
26 43 1496.437092 1482.321424 14.126665
26 3 1484.890906 1500.525712 15.644735
26 25 1479.170877 1494.953057 15.792016
26 39 1477.814909 1494.240436 16.434978
26 36 1487.349056 1504.588675 17.248624
26 9 1501.319577 1483.199764 18.128381
26 34 1512.479611 1493.644405 18.843449
26 42 1455.014664 1474.269901 19.263300
26 11 1503.798425 1480.632723 23.172404
26 41 1476.607946 1501.218558 24.616921
26 6 1514.321313 1476.302990 38.022407
26 14 1509.958133 1454.802822 55.158126
26 40 1464.940193 1540.551300 75.613161
26 38 1532.987720 1452.039135 80.950503
26 18 1511.020237 1592.737099 81.718762
26 10 1458.934864 1544.977650 86.044591
26 46 1302.308411 1518.197605 215.889913
26 13 2057.032471 1622.389725 434.643103
26 29 629.913757 1941.185211 1311.271572
27 44 1500.918817 1500.459475 0.722199
27 12 1499.837395 1499.361530 0.732819
27 16 1501.210787 1501.890500 0.878969
27 5 1501.258454 1500.223665 1.175315
27 7 1495.618958 1497.046181 1.532169
27 27 1511.729753 1509.916344 1.897111
27 35 1504.065045 1501.424491 2.698722
27 17 1493.066290 1495.958347 2.945262
27 26 1501.261304 1504.342039 3.130735
27 28 1507.539827 1504.272497 3.314517
27 1 1505.100842 1501.521858 3.622113
27 45 1505.726073 1501.122342 4.637339
27 24 1491.563875 1486.539886 5.054804
27 23 1506.905320 1501.747243 5.188096
27 15 1503.750111 1498.092602 5.684891
27 31 1501.015119 1507.377863 6.387103
27 21 1505.645663 1499.192130 6.477551
27 22 1502.807010 1496.318309 6.512589
27 4 1497.884901 1505.071475 7.208150
27 37 1502.237778 1494.157080 8.099892
27 0 1492.617534 1500.783258 8.184719
27 49 1499.038534 1499.595828 8.499729
27 48 1495.688655 1504.170095 8.499729
27 30 1489.718023 1499.570972 9.868697
27 32 1495.368671 1505.273738 9.920732
27 2 1509.837675 1498.966269 10.885681
27 8 1516.402075 1505.438237 10.977993
27 47 1459.415680 1471.852362 12.449162
27 20 1510.418726 1497.479604 12.951118
27 33 1506.916532 1493.261851 13.666049
27 19 1485.914695 1499.661734 13.758330
27 43 1496.437092 1482.321424 14.126665
27 3 1484.890906 1500.525712 15.644735
27 25 1479.170877 1494.953057 15.792016
27 39 1477.814909 1494.240436 16.434978
27 36 1487.349056 1504.588675 17.248624
27 9 1501.319577 1483.199764 18.128381
27 34 1512.479611 1493.644405 18.843449
27 42 1455.014664 1474.269901 19.263300
27 11 1503.798425 1480.632723 23.172404
27 41 1476.607946 1501.218558 24.616921
27 6 1514.321313 1476.302990 38.022407
27 14 1509.958133 1454.802822 55.158126
27 40 1464.940193 1540.551300 75.613161
27 38 1532.987720 1452.039135 80.950503
27 18 1511.020237 1592.737099 81.718762
27 10 1458.934864 1544.977650 86.044591
27 46 1302.308411 1518.197605 215.889913
27 13 2057.032471 1622.389725 434.643103
27 29 629.913757 1941.185211 1311.271572
28 44 1500.918817 1500.459475 0.722199
28 12 1499.837395 1499.361530 0.732819
28 16 1501.210787 1501.890500 0.878969
28 5 1501.258454 1500.223665 1.175315
28 7 1495.618958 1497.046181 1.532169
28 27 1511.729753 1509.916344 1.897111
28 35 1504.065045 1501.424491 2.698722
28 17 1493.066290 1495.958347 2.945262
28 26 1501.261304 1504.342039 3.130735
28 28 1507.539827 1504.272497 3.314517
28 1 1505.100842 1501.521858 3.622113
28 45 1505.726073 1501.122342 4.637339
28 24 1491.563875 1486.539886 5.054804
28 23 1506.905320 1501.747243 5.188096
28 15 1503.750111 1498.092602 5.684891
28 31 1501.015119 1507.377863 6.387103
28 21 1505.645663 1499.192130 6.477551
28 22 1502.807010 1496.318309 6.512589
28 4 1497.884901 1505.071475 7.208150
28 37 1502.237778 1494.157080 8.099892
28 0 1492.617534 1500.783258 8.184719
28 49 1499.038534 1499.595828 8.499729
28 48 1495.688655 1504.170095 8.499729
28 30 1489.718023 1499.570972 9.868697
28 32 1495.368671 1505.273738 9.920732
28 2 1509.837675 1498.966269 10.885681
28 8 1516.402075 1505.438237 10.977993
28 47 1459.415680 1471.852362 12.449162
28 20 1510.418726 1497.479604 12.951118
28 33 1506.916532 1493.261851 13.666049
28 19 1485.914695 1499.661734 13.758330
28 43 1496.437092 1482.321424 14.126665
28 3 1484.890906 1500.525712 15.644735
28 25 1479.170877 1494.953057 15.792016
28 39 1477.814909 1494.240436 16.434978
28 36 1487.349056 1504.588675 17.248624
28 9 1501.319577 1483.199764 18.128381
28 34 1512.479611 1493.644405 18.843449
28 42 1455.014664 1474.269901 19.263300
28 11 1503.798425 1480.632723 23.172404
28 41 1476.607946 1501.218558 24.616921
28 6 1514.321313 1476.302990 38.022407
28 14 1509.958133 1454.802822 55.158126
28 40 1464.940193 1540.551300 75.613161
28 38 1532.987720 1452.039135 80.950503
28 18 1511.020237 1592.737099 81.718762
28 10 1458.934864 1544.977650 86.044591
28 46 1302.308411 1518.197605 215.889913
28 13 2057.032471 1622.389725 434.643103
28 29 629.913757 1941.185211 1311.271572
29 44 1500.918817 1500.459475 0.722199
29 12 1499.837395 1499.361530 0.732819
29 16 1501.210787 1501.890500 0.878969
29 5 1501.258454 1500.223665 1.175315
29 7 1495.618958 1497.046181 1.532169
29 27 1511.729753 1509.916344 1.897111
29 35 1504.065045 1501.424491 2.698722
29 17 1493.066290 1495.958347 2.945262
29 26 1501.261304 1504.342039 3.130735
29 28 1507.539827 1504.272497 3.314517
29 1 1505.100842 1501.521858 3.622113
29 45 1505.726073 1501.122342 4.637339
29 24 1491.563875 1486.539886 5.054804
29 23 1506.905320 1501.747243 5.188096
29 15 1503.750111 1498.092602 5.684891
29 31 1501.015119 1507.377863 6.387103
29 21 1505.645663 1499.192130 6.477551
29 22 1502.807010 1496.318309 6.512589
29 4 1497.884901 1505.071475 7.208150
29 37 1502.237778 1494.157080 8.099892
29 0 1492.617534 1500.783258 8.184719
29 49 1499.038534 1499.595828 8.499729
29 48 1495.688655 1504.170095 8.499729
29 30 1489.718023 1499.570972 9.868697
29 32 1495.368671 1505.273738 9.920732
29 2 1509.837675 1498.966269 10.885681
29 8 1516.402075 1505.438237 10.977993
29 47 1459.415680 1471.852362 12.449162
29 20 1510.418726 1497.479604 12.951118
29 33 1506.916532 1493.261851 13.666049
29 19 1485.914695 1499.661734 13.758330
29 43 1496.437092 1482.321424 14.126665
29 3 1484.890906 1500.525712 15.644735
29 25 1479.170877 1494.953057 15.792016
29 39 1477.814909 1494.240436 16.434978
29 36 1487.349056 1504.588675 17.248624
29 9 1501.319577 1483.199764 18.128381
29 34 1512.479611 1493.644405 18.843449
29 42 1455.014664 1474.269901 19.263300
29 11 1503.798425 1480.632723 23.172404
29 41 1476.607946 1501.218558 24.616921
29 6 1514.321313 1476.302990 38.022407
29 14 1509.958133 1454.802822 55.158126
29 40 1464.940193 1540.551300 75.613161
29 38 1532.987720 1452.039135 80.950503
29 18 1511.020237 1592.737099 81.718762
29 10 1458.934864 1544.977650 86.044591
29 46 1302.308411 1518.197605 215.889913
29 13 2057.032471 1622.389725 434.643103
29 29 629.913757 1941.185211 1311.271572
30 44 1500.918817 1500.459475 0.722199
30 12 1499.837395 1499.361530 0.732819
30 16 1501.210787 1501.890500 0.878969
30 5 1501.258454 1500.223665 1.175315
30 7 1495.618958 1497.046181 1.532169
30 27 1511.729753 1509.916344 1.897111
30 35 1504.065045 1501.424491 2.698722
30 17 1493.066290 1495.958347 2.945262
30 26 1501.261304 1504.342039 3.130735
30 28 1507.539827 1504.272497 3.314517
30 1 1505.100842 1501.521858 3.622113
30 45 1505.726073 1501.122342 4.637339
30 24 1491.563875 1486.539886 5.054804
30 23 1506.905320 1501.747243 5.188096
30 15 1503.750111 1498.092602 5.684891
30 31 1501.015119 1507.377863 6.387103
30 21 1505.645663 1499.192130 6.477551
30 22 1502.807010 1496.318309 6.512589
30 4 1497.884901 1505.071475 7.208150
30 37 1502.237778 1494.157080 8.099892
30 0 1492.617534 1500.783258 8.184719
30 49 1499.038534 1499.595828 8.499729
30 48 1495.688655 1504.170095 8.499729
30 30 1489.718023 1499.570972 9.868697
30 32 1495.368671 1505.273738 9.920732
30 2 1509.837675 1498.966269 10.885681
30 8 1516.402075 1505.438237 10.977993
30 47 1459.415680 1471.852362 12.449162
30 20 1510.418726 1497.479604 12.951118
30 33 1506.916532 1493.261851 13.666049
30 19 1485.914695 1499.661734 13.758330
30 43 1496.437092 1482.321424 14.126665
30 3 1484.890906 1500.525712 15.644735
30 25 1479.170877 1494.953057 15.792016
30 39 1477.814909 1494.240436 16.434978
30 36 1487.349056 1504.588675 17.248624
30 9 1501.319577 1483.199764 18.128381
30 34 1512.479611 1493.644405 18.843449
30 42 1455.014664 1474.269901 19.263300
30 11 1503.798425 1480.632723 23.172404
30 41 1476.607946 1501.218558 24.616921
30 6 1514.321313 1476.302990 38.022407
30 14 1509.958133 1454.802822 55.158126
30 40 1464.940193 1540.551300 75.613161
30 38 1532.987720 1452.039135 80.950503
30 18 1511.020237 1592.737099 81.718762
30 10 1458.934864 1544.977650 86.044591
30 46 1302.308411 1518.197605 215.889913
30 13 2057.032471 1622.389725 434.643103
30 29 629.913757 1941.185211 1311.271572
31 44 1500.918817 1500.459475 0.722199
31 12 1499.837395 1499.361530 0.732819
31 16 1501.210787 1501.890500 0.878969
31 5 1501.258454 1500.223665 1.175315
31 7 1495.618958 1497.046181 1.532169
31 27 1511.729753 1509.916344 1.897111
31 35 1504.065045 1501.424491 2.698722
31 17 1493.066290 1495.958347 2.945262
31 26 1501.261304 1504.342039 3.130735
31 28 1507.539827 1504.272497 3.314517
31 1 1505.100842 1501.521858 3.622113
31 45 1505.726073 1501.122342 4.637339
31 24 1491.563875 1486.539886 5.054804
31 23 1506.905320 1501.747243 5.188096
31 15 1503.750111 1498.092602 5.684891
31 31 1501.015119 1507.377863 6.387103
31 21 1505.645663 1499.192130 6.477551
31 22 1502.807010 1496.318309 6.512589
31 4 1497.884901 1505.071475 7.208150
31 37 1502.237778 1494.157080 8.099892
31 0 1492.617534 1500.783258 8.184719
31 49 1499.038534 1499.595828 8.499729
31 48 1495.688655 1504.170095 8.499729
31 30 1489.718023 1499.570972 9.868697
31 32 1495.368671 1505.273738 9.920732
31 2 1509.837675 1498.966269 10.885681
31 8 1516.402075 1505.438237 10.977993
31 47 1459.415680 1471.852362 12.449162
31 20 1510.418726 1497.479604 12.951118
31 33 1506.916532 1493.261851 13.666049
31 19 1485.914695 1499.661734 13.758330
31 43 1496.437092 1482.321424 14.126665
31 3 1484.890906 1500.525712 15.644735
31 25 1479.170877 1494.953057 15.792016
31 39 1477.814909 1494.240436 16.434978
31 36 1487.349056 1504.588675 17.248624
31 9 1501.319577 1483.199764 18.128381
31 34 1512.479611 1493.644405 18.843449
31 42 1455.014664 1474.269901 19.263300
31 11 1503.798425 1480.632723 23.172404
31 41 1476.607946 1501.218558 24.616921
31 6 1514.321313 1476.302990 38.022407
31 14 1509.958133 1454.802822 55.158126
31 40 1464.940193 1540.551300 75.613161
31 38 1532.987720 1452.039135 80.950503
31 18 1511.020237 1592.737099 81.718762
31 10 1458.934864 1544.977650 86.044591
31 46 1302.308411 1518.197605 215.889913
31 13 2057.032471 1622.389725 434.643103
31 29 629.913757 1941.185211 1311.271572
32 44 1500.918817 1500.459475 0.722199
32 12 1499.837395 1499.361530 0.732819
32 16 1501.210787 1501.890500 0.878969
32 5 1501.258454 1500.223665 1.175315
32 7 1495.618958 1497.046181 1.532169
32 27 1511.729753 1509.916344 1.897111
32 35 1504.065045 1501.424491 2.698722
32 17 1493.066290 1495.958347 2.945262
32 26 1501.261304 1504.342039 3.130735
32 28 1507.539827 1504.272497 3.314517
32 1 1505.100842 1501.521858 3.622113
32 45 1505.726073 1501.122342 4.637339
32 24 1491.563875 1486.539886 5.054804
32 23 1506.905320 1501.747243 5.188096
32 15 1503.750111 1498.092602 5.684891
32 31 1501.015119 1507.377863 6.387103
32 21 1505.645663 1499.192130 6.477551
32 22 1502.807010 1496.318309 6.512589
32 4 1497.884901 1505.071475 7.208150
32 37 1502.237778 1494.157080 8.099892
32 0 1492.617534 1500.783258 8.184719
32 49 1499.038534 1499.595828 8.499729
32 48 1495.688655 1504.170095 8.499729
32 30 1489.718023 1499.570972 9.868697
32 32 1495.368671 1505.273738 9.920732
32 2 1509.837675 1498.966269 10.885681
32 8 1516.402075 1505.438237 10.977993
32 47 1459.415680 1471.852362 12.449162
32 20 1510.418726 1497.479604 12.951118
32 33 1506.916532 1493.261851 13.666049
32 19 1485.914695 1499.661734 13.758330
32 43 1496.437092 1482.321424 14.126665
32 3 1484.890906 1500.525712 15.644735
32 25 1479.170877 1494.953057 15.792016
32 39 1477.814909 1494.240436 16.434978
32 36 1487.349056 1504.588675 17.248624
32 9 1501.319577 1483.199764 18.128381
32 34 1512.479611 1493.644405 18.843449
32 42 1455.014664 1474.269901 19.263300
32 11 1503.798425 1480.632723 23.172404
32 41 1476.607946 1501.218558 24.616921
32 6 1514.321313 1476.302990 38.022407
32 14 1509.958133 1454.802822 55.158126
32 40 1464.940193 1540.551300 75.613161
32 38 1532.987720 1452.039135 80.950503
32 18 1511.020237 1592.737099 81.718762
32 10 1458.934864 1544.977650 86.044591
32 46 1302.308411 1518.197605 215.889913
32 13 2057.032471 1622.389725 434.643103
32 29 629.913757 1941.185211 1311.271572
33 44 1500.918817 1500.459475 0.722199
33 12 1499.837395 1499.361530 0.732819
33 16 1501.210787 1501.890500 0.878969
33 5 1501.258454 1500.223665 1.175315
33 7 1495.618958 1497.046181 1.532169
33 27 1511.729753 1509.916344 1.897111
33 35 1504.065045 1501.424491 2.698722
33 17 1493.066290 1495.958347 2.945262
33 26 1501.261304 1504.342039 3.130735
33 28 1507.539827 1504.272497 3.314517
33 1 1505.100842 1501.521858 3.622113
33 45 1505.726073 1501.122342 4.637339
33 24 1491.563875 1486.539886 5.054804
33 23 1506.905320 1501.747243 5.188096
33 15 1503.750111 1498.092602 5.684891
33 31 1501.015119 1507.377863 6.387103
33 21 1505.645663 1499.192130 6.477551
33 22 1502.807010 1496.318309 6.512589
33 4 1497.884901 1505.071475 7.208150
33 37 1502.237778 1494.157080 8.099892
33 0 1492.617534 1500.783258 8.184719
33 49 1499.038534 1499.595828 8.499729
33 48 1495.688655 1504.170095 8.499729
33 30 1489.718023 1499.570972 9.868697
33 32 1495.368671 1505.273738 9.920732
33 2 1509.837675 1498.966269 10.885681
33 8 1516.402075 1505.438237 10.977993
33 47 1459.415680 1471.852362 12.449162
33 20 1510.418726 1497.479604 12.951118
33 33 1506.916532 1493.261851 13.666049
33 19 1485.914695 1499.661734 13.758330
33 43 1496.437092 1482.321424 14.126665
33 3 1484.890906 1500.525712 15.644735
33 25 1479.170877 1494.953057 15.792016
33 39 1477.814909 1494.240436 16.434978
33 36 1487.349056 1504.588675 17.248624
33 9 1501.319577 1483.199764 18.128381
33 34 1512.479611 1493.644405 18.843449
33 42 1455.014664 1474.269901 19.263300
33 11 1503.798425 1480.632723 23.172404
33 41 1476.607946 1501.218558 24.616921
33 6 1514.321313 1476.302990 38.022407
33 14 1509.958133 1454.802822 55.158126
33 40 1464.940193 1540.551300 75.613161
33 38 1532.987720 1452.039135 80.950503
33 18 1511.020237 1592.737099 81.718762
33 10 1458.934864 1544.977650 86.044591
33 46 1302.308411 1518.197605 215.889913
33 13 2057.032471 1622.389725 434.643103
33 29 629.913757 1941.185211 1311.271572
34 44 1500.918817 1500.459475 0.722199
34 12 1499.837395 1499.361530 0.732819
34 16 1501.210787 1501.890500 0.878969
34 5 1501.258454 1500.223665 1.175315
34 7 1495.618958 1497.046181 1.532169
34 27 1511.729753 1509.916344 1.897111
34 35 1504.065045 1501.424491 2.698722
34 17 1493.066290 1495.958347 2.945262
34 26 1501.261304 1504.342039 3.130735
34 28 1507.539827 1504.272497 3.314517
34 1 1505.100842 1501.521858 3.622113
34 45 1505.726073 1501.122342 4.637339
34 24 1491.563875 1486.539886 5.054804
34 23 1506.905320 1501.747243 5.188096
34 15 1503.750111 1498.092602 5.684891
34 31 1501.015119 1507.377863 6.387103
34 21 1505.645663 1499.192130 6.477551
34 22 1502.807010 1496.318309 6.512589
34 4 1497.884901 1505.071475 7.208150
34 37 1502.237778 1494.157080 8.099892
34 0 1492.617534 1500.783258 8.184719
34 49 1499.038534 1499.595828 8.499729
34 48 1495.688655 1504.170095 8.499729
34 30 1489.718023 1499.570972 9.868697
34 32 1495.368671 1505.273738 9.920732
34 2 1509.837675 1498.966269 10.885681
34 8 1516.402075 1505.438237 10.977993
34 47 1459.415680 1471.852362 12.449162
34 20 1510.418726 1497.479604 12.951118
34 33 1506.916532 1493.261851 13.666049
34 19 1485.914695 1499.661734 13.758330
34 43 1496.437092 1482.321424 14.126665
34 3 1484.890906 1500.525712 15.644735
34 25 1479.170877 1494.953057 15.792016
34 39 1477.814909 1494.240436 16.434978
34 36 1487.349056 1504.588675 17.248624
34 9 1501.319577 1483.199764 18.128381
34 34 1512.479611 1493.644405 18.843449
34 42 1455.014664 1474.269901 19.263300
34 11 1503.798425 1480.632723 23.172404
34 41 1476.607946 1501.218558 24.616921
34 6 1514.321313 1476.302990 38.022407
34 14 1509.958133 1454.802822 55.158126
34 40 1464.940193 1540.551300 75.613161
34 38 1532.987720 1452.039135 80.950503
34 18 1511.020237 1592.737099 81.718762
34 10 1458.934864 1544.977650 86.044591
34 46 1302.308411 1518.197605 215.889913
34 13 2057.032471 1622.389725 434.643103
34 29 629.913757 1941.185211 1311.271572
35 44 1500.918817 1500.459475 0.722199
35 12 1499.837395 1499.361530 0.732819
35 16 1501.210787 1501.890500 0.878969
35 5 1501.258454 1500.223665 1.175315
35 7 1495.618958 1497.046181 1.532169
35 27 1511.729753 1509.916344 1.897111
35 35 1504.065045 1501.424491 2.698722
35 17 1493.066290 1495.958347 2.945262
35 26 1501.261304 1504.342039 3.130735
35 28 1507.539827 1504.272497 3.314517
35 1 1505.100842 1501.521858 3.622113
35 45 1505.726073 1501.122342 4.637339
35 24 1491.563875 1486.539886 5.054804
35 23 1506.905320 1501.747243 5.188096
35 15 1503.750111 1498.092602 5.684891
35 31 1501.015119 1507.377863 6.387103
35 21 1505.645663 1499.192130 6.477551
35 22 1502.807010 1496.318309 6.512589
35 4 1497.884901 1505.071475 7.208150
35 37 1502.237778 1494.157080 8.099892
35 0 1492.617534 1500.783258 8.184719
35 49 1499.038534 1499.595828 8.499729
35 48 1495.688655 1504.170095 8.499729
35 30 1489.718023 1499.570972 9.868697
35 32 1495.368671 1505.273738 9.920732
35 2 1509.837675 1498.966269 10.885681
35 8 1516.402075 1505.438237 10.977993
35 47 1459.415680 1471.852362 12.449162
35 20 1510.418726 1497.479604 12.951118
35 33 1506.916532 1493.261851 13.666049
35 19 1485.914695 1499.661734 13.758330
35 43 1496.437092 1482.321424 14.126665
35 3 1484.890906 1500.525712 15.644735
35 25 1479.170877 1494.953057 15.792016
35 39 1477.814909 1494.240436 16.434978
35 36 1487.349056 1504.588675 17.248624
35 9 1501.319577 1483.199764 18.128381
35 34 1512.479611 1493.644405 18.843449
35 42 1455.014664 1474.269901 19.263300
35 11 1503.798425 1480.632723 23.172404
35 41 1476.607946 1501.218558 24.616921
35 6 1514.321313 1476.302990 38.022407
35 14 1509.958133 1454.802822 55.158126
35 40 1464.940193 1540.551300 75.613161
35 38 1532.987720 1452.039135 80.950503
35 18 1511.020237 1592.737099 81.718762
35 10 1458.934864 1544.977650 86.044591
35 46 1302.308411 1518.197605 215.889913
35 13 2057.032471 1622.389725 434.643103
35 29 629.913757 1941.185211 1311.271572
36 44 1500.918817 1500.459475 0.722199
36 12 1499.837395 1499.361530 0.732819
36 16 1501.210787 1501.890500 0.878969
36 5 1501.258454 1500.223665 1.175315
36 7 1495.618958 1497.046181 1.532169
36 27 1511.729753 1509.916344 1.897111
36 35 1504.065045 1501.424491 2.698722
36 17 1493.066290 1495.958347 2.945262
36 26 1501.261304 1504.342039 3.130735
36 28 1507.539827 1504.272497 3.314517
36 1 1505.100842 1501.521858 3.622113
36 45 1505.726073 1501.122342 4.637339
36 24 1491.563875 1486.539886 5.054804
36 23 1506.905320 1501.747243 5.188096
36 15 1503.750111 1498.092602 5.684891
36 31 1501.015119 1507.377863 6.387103
36 21 1505.645663 1499.192130 6.477551
36 22 1502.807010 1496.318309 6.512589
36 4 1497.884901 1505.071475 7.208150
36 37 1502.237778 1494.157080 8.099892
36 0 1492.617534 1500.783258 8.184719
36 49 1499.038534 1499.595828 8.499729
36 48 1495.688655 1504.170095 8.499729
36 30 1489.718023 1499.570972 9.868697
36 32 1495.368671 1505.273738 9.920732
36 2 1509.837675 1498.966269 10.885681
36 8 1516.402075 1505.438237 10.977993
36 47 1459.415680 1471.852362 12.449162
36 20 1510.418726 1497.479604 12.951118
36 33 1506.916532 1493.261851 13.666049
36 19 1485.914695 1499.661734 13.758330
36 43 1496.437092 1482.321424 14.126665
36 3 1484.890906 1500.525712 15.644735
36 25 1479.170877 1494.953057 15.792016
36 39 1477.814909 1494.240436 16.434978
36 36 1487.349056 1504.588675 17.248624
36 9 1501.319577 1483.199764 18.128381
36 34 1512.479611 1493.644405 18.843449
36 42 1455.014664 1474.269901 19.263300
36 11 1503.798425 1480.632723 23.172404
36 41 1476.607946 1501.218558 24.616921
36 6 1514.321313 1476.302990 38.022407
36 14 1509.958133 1454.802822 55.158126
36 40 1464.940193 1540.551300 75.613161
36 38 1532.987720 1452.039135 80.950503
36 18 1511.020237 1592.737099 81.718762
36 10 1458.934864 1544.977650 86.044591
36 46 1302.308411 1518.197605 215.889913
36 13 2057.032471 1622.389725 434.643103
36 29 629.913757 1941.185211 1311.271572
37 44 1500.918817 1500.459475 0.722199
37 12 1499.837395 1499.361530 0.732819
37 16 1501.210787 1501.890500 0.878969
37 5 1501.258454 1500.223665 1.175315
37 7 1495.618958 1497.046181 1.532169
37 27 1511.729753 1509.916344 1.897111
37 35 1504.065045 1501.424491 2.698722
37 17 1493.066290 1495.958347 2.945262
37 26 1501.261304 1504.342039 3.130735
37 28 1507.539827 1504.272497 3.314517
37 1 1505.100842 1501.521858 3.622113
37 45 1505.726073 1501.122342 4.637339
37 24 1491.563875 1486.539886 5.054804
37 23 1506.905320 1501.747243 5.188096
37 15 1503.750111 1498.092602 5.684891
37 31 1501.015119 1507.377863 6.387103
37 21 1505.645663 1499.192130 6.477551
37 22 1502.807010 1496.318309 6.512589
37 4 1497.884901 1505.071475 7.208150
37 37 1502.237778 1494.157080 8.099892
37 0 1492.617534 1500.783258 8.184719
37 49 1499.038534 1499.595828 8.499729
37 48 1495.688655 1504.170095 8.499729
37 30 1489.718023 1499.570972 9.868697
37 32 1495.368671 1505.273738 9.920732
37 2 1509.837675 1498.966269 10.885681
37 8 1516.402075 1505.438237 10.977993
37 47 1459.415680 1471.852362 12.449162
37 20 1510.418726 1497.479604 12.951118
37 33 1506.916532 1493.261851 13.666049
37 19 1485.914695 1499.661734 13.758330
37 43 1496.437092 1482.321424 14.126665
37 3 1484.890906 1500.525712 15.644735
37 25 1479.170877 1494.953057 15.792016
37 39 1477.814909 1494.240436 16.434978
37 36 1487.349056 1504.588675 17.248624
37 9 1501.319577 1483.199764 18.128381
37 34 1512.479611 1493.644405 18.843449
37 42 1455.014664 1474.269901 19.263300
37 11 1503.798425 1480.632723 23.172404
37 41 1476.607946 1501.218558 24.616921
37 6 1514.321313 1476.302990 38.022407
37 14 1509.958133 1454.802822 55.158126
37 40 1464.940193 1540.551300 75.613161
37 38 1532.987720 1452.039135 80.950503
37 18 1511.020237 1592.737099 81.718762
37 10 1458.934864 1544.977650 86.044591
37 46 1302.308411 1518.197605 215.889913
37 13 2057.032471 1622.389725 434.643103
37 29 629.913757 1941.185211 1311.271572
38 44 1500.918817 1500.459475 0.722199
38 12 1499.837395 1499.361530 0.732819
38 16 1501.210787 1501.890500 0.878969
38 5 1501.258454 1500.223665 1.175315
38 7 1495.618958 1497.046181 1.532169
38 27 1511.729753 1509.916344 1.897111
38 35 1504.065045 1501.424491 2.698722
38 17 1493.066290 1495.958347 2.945262
38 26 1501.261304 1504.342039 3.130735
38 28 1507.539827 1504.272497 3.314517
38 1 1505.100842 1501.521858 3.622113
38 45 1505.726073 1501.122342 4.637339
38 24 1491.563875 1486.539886 5.054804
38 23 1506.905320 1501.747243 5.188096
38 15 1503.750111 1498.092602 5.684891
38 31 1501.015119 1507.377863 6.387103
38 21 1505.645663 1499.192130 6.477551
38 22 1502.807010 1496.318309 6.512589
38 4 1497.884901 1505.071475 7.208150
38 37 1502.237778 1494.157080 8.099892
38 0 1492.617534 1500.783258 8.184719
38 49 1499.038534 1499.595828 8.499729
38 48 1495.688655 1504.170095 8.499729
38 30 1489.718023 1499.570972 9.868697
38 32 1495.368671 1505.273738 9.920732
38 2 1509.837675 1498.966269 10.885681
38 8 1516.402075 1505.438237 10.977993
38 47 1459.415680 1471.852362 12.449162
38 20 1510.418726 1497.479604 12.951118
38 33 1506.916532 1493.261851 13.666049
38 19 1485.914695 1499.661734 13.758330
38 43 1496.437092 1482.321424 14.126665
38 3 1484.890906 1500.525712 15.644735
38 25 1479.170877 1494.953057 15.792016
38 39 1477.814909 1494.240436 16.434978
38 36 1487.349056 1504.588675 17.248624
38 9 1501.319577 1483.199764 18.128381
38 34 1512.479611 1493.644405 18.843449
38 42 1455.014664 1474.269901 19.263300
38 11 1503.798425 1480.632723 23.172404
38 41 1476.607946 1501.218558 24.616921
38 6 1514.321313 1476.302990 38.022407
38 14 1509.958133 1454.802822 55.158126
38 40 1464.940193 1540.551300 75.613161
38 38 1532.987720 1452.039135 80.950503
38 18 1511.020237 1592.737099 81.718762
38 10 1458.934864 1544.977650 86.044591
38 46 1302.308411 1518.197605 215.889913
38 13 2057.032471 1622.389725 434.643103
38 29 629.913757 1941.185211 1311.271572
39 44 1500.918817 1500.459475 0.722199
39 12 1499.837395 1499.361530 0.732819
39 16 1501.210787 1501.890500 0.878969
39 5 1501.258454 1500.223665 1.175315
39 7 1495.618958 1497.046181 1.532169
39 27 1511.729753 1509.916344 1.897111
39 35 1504.065045 1501.424491 2.698722
39 17 1493.066290 1495.958347 2.945262
39 26 1501.261304 1504.342039 3.130735
39 28 1507.539827 1504.272497 3.314517
39 1 1505.100842 1501.521858 3.622113
39 45 1505.726073 1501.122342 4.637339
39 24 1491.563875 1486.539886 5.054804
39 23 1506.905320 1501.747243 5.188096
39 15 1503.750111 1498.092602 5.684891
39 31 1501.015119 1507.377863 6.387103
39 21 1505.645663 1499.192130 6.477551
39 22 1502.807010 1496.318309 6.512589
39 4 1497.884901 1505.071475 7.208150
39 37 1502.237778 1494.157080 8.099892
39 0 1492.617534 1500.783258 8.184719
39 49 1499.038534 1499.595828 8.499729
39 48 1495.688655 1504.170095 8.499729
39 30 1489.718023 1499.570972 9.868697
39 32 1495.368671 1505.273738 9.920732
39 2 1509.837675 1498.966269 10.885681
39 8 1516.402075 1505.438237 10.977993
39 47 1459.415680 1471.852362 12.449162
39 20 1510.418726 1497.479604 12.951118
39 33 1506.916532 1493.261851 13.666049
39 19 1485.914695 1499.661734 13.758330
39 43 1496.437092 1482.321424 14.126665
39 3 1484.890906 1500.525712 15.644735
39 25 1479.170877 1494.953057 15.792016
39 39 1477.814909 1494.240436 16.434978
39 36 1487.349056 1504.588675 17.248624
39 9 1501.319577 1483.199764 18.128381
39 34 1512.479611 1493.644405 18.843449
39 42 1455.014664 1474.269901 19.263300
39 11 1503.798425 1480.632723 23.172404
39 41 1476.607946 1501.218558 24.616921
39 6 1514.321313 1476.302990 38.022407
39 14 1509.958133 1454.802822 55.158126
39 40 1464.940193 1540.551300 75.613161
39 38 1532.987720 1452.039135 80.950503
39 18 1511.020237 1592.737099 81.718762
39 10 1458.934864 1544.977650 86.044591
39 46 1302.308411 1518.197605 215.889913
39 13 2057.032471 1622.389725 434.643103
39 29 629.913757 1941.185211 1311.271572
40 44 1500.918817 1500.459475 0.722199
40 12 1499.837395 1499.361530 0.732819
40 16 1501.210787 1501.890500 0.878969
40 5 1501.258454 1500.223665 1.175315
40 7 1495.618958 1497.046181 1.532169
40 27 1511.729753 1509.916344 1.897111
40 35 1504.065045 1501.424491 2.698722
40 17 1493.066290 1495.958347 2.945262
40 26 1501.261304 1504.342039 3.130735
40 28 1507.539827 1504.272497 3.314517
40 1 1505.100842 1501.521858 3.622113
40 45 1505.726073 1501.122342 4.637339
40 24 1491.563875 1486.539886 5.054804
40 23 1506.905320 1501.747243 5.188096
40 15 1503.750111 1498.092602 5.684891
40 31 1501.015119 1507.377863 6.387103
40 21 1505.645663 1499.192130 6.477551
40 22 1502.807010 1496.318309 6.512589
40 4 1497.884901 1505.071475 7.208150
40 37 1502.237778 1494.157080 8.099892
40 0 1492.617534 1500.783258 8.184719
40 49 1499.038534 1499.595828 8.499729
40 48 1495.688655 1504.170095 8.499729
40 30 1489.718023 1499.570972 9.868697
40 32 1495.368671 1505.273738 9.920732
40 2 1509.837675 1498.966269 10.885681
40 8 1516.402075 1505.438237 10.977993
40 47 1459.415680 1471.852362 12.449162
40 20 1510.418726 1497.479604 12.951118
40 33 1506.916532 1493.261851 13.666049
40 19 1485.914695 1499.661734 13.758330
40 43 1496.437092 1482.321424 14.126665
40 3 1484.890906 1500.525712 15.644735
40 25 1479.170877 1494.953057 15.792016
40 39 1477.814909 1494.240436 16.434978
40 36 1487.349056 1504.588675 17.248624
40 9 1501.319577 1483.199764 18.128381
40 34 1512.479611 1493.644405 18.843449
40 42 1455.014664 1474.269901 19.263300
40 11 1503.798425 1480.632723 23.172404
40 41 1476.607946 1501.218558 24.616921
40 6 1514.321313 1476.302990 38.022407
40 14 1509.958133 1454.802822 55.158126
40 40 1464.940193 1540.551300 75.613161
40 38 1532.987720 1452.039135 80.950503
40 18 1511.020237 1592.737099 81.718762
40 10 1458.934864 1544.977650 86.044591
40 46 1302.308411 1518.197605 215.889913
40 13 2057.032471 1622.389725 434.643103
40 29 629.913757 1941.185211 1311.271572
41 44 1500.918817 1500.459475 0.722199
41 12 1499.837395 1499.361530 0.732819
41 16 1501.210787 1501.890500 0.878969
41 5 1501.258454 1500.223665 1.175315
41 7 1495.618958 1497.046181 1.532169
41 27 1511.729753 1509.916344 1.897111
41 35 1504.065045 1501.424491 2.698722
41 17 1493.066290 1495.958347 2.945262
41 26 1501.261304 1504.342039 3.130735
41 28 1507.539827 1504.272497 3.314517
41 1 1505.100842 1501.521858 3.622113
41 45 1505.726073 1501.122342 4.637339
41 24 1491.563875 1486.539886 5.054804
41 23 1506.905320 1501.747243 5.188096
41 15 1503.750111 1498.092602 5.684891
41 31 1501.015119 1507.377863 6.387103
41 21 1505.645663 1499.192130 6.477551
41 22 1502.807010 1496.318309 6.512589
41 4 1497.884901 1505.071475 7.208150
41 37 1502.237778 1494.157080 8.099892
41 0 1492.617534 1500.783258 8.184719
41 49 1499.038534 1499.595828 8.499729
41 48 1495.688655 1504.170095 8.499729
41 30 1489.718023 1499.570972 9.868697
41 32 1495.368671 1505.273738 9.920732
41 2 1509.837675 1498.966269 10.885681
41 8 1516.402075 1505.438237 10.977993
41 47 1459.415680 1471.852362 12.449162
41 20 1510.418726 1497.479604 12.951118
41 33 1506.916532 1493.261851 13.666049
41 19 1485.914695 1499.661734 13.758330
41 43 1496.437092 1482.321424 14.126665
41 3 1484.890906 1500.525712 15.644735
41 25 1479.170877 1494.953057 15.792016
41 39 1477.814909 1494.240436 16.434978
41 36 1487.349056 1504.588675 17.248624
41 9 1501.319577 1483.199764 18.128381
41 34 1512.479611 1493.644405 18.843449
41 42 1455.014664 1474.269901 19.263300
41 11 1503.798425 1480.632723 23.172404
41 41 1476.607946 1501.218558 24.616921
41 6 1514.321313 1476.302990 38.022407
41 14 1509.958133 1454.802822 55.158126
41 40 1464.940193 1540.551300 75.613161
41 38 1532.987720 1452.039135 80.950503
41 18 1511.020237 1592.737099 81.718762
41 10 1458.934864 1544.977650 86.044591
41 46 1302.308411 1518.197605 215.889913
41 13 2057.032471 1622.389725 434.643103
41 29 629.913757 1941.185211 1311.271572
42 44 1500.918817 1500.459475 0.722199
42 12 1499.837395 1499.361530 0.732819
42 16 1501.210787 1501.890500 0.878969
42 5 1501.258454 1500.223665 1.175315
42 7 1495.618958 1497.046181 1.532169
42 27 1511.729753 1509.916344 1.897111
42 35 1504.065045 1501.424491 2.698722
42 17 1493.066290 1495.958347 2.945262
42 26 1501.261304 1504.342039 3.130735
42 28 1507.539827 1504.272497 3.314517
42 1 1505.100842 1501.521858 3.622113
42 45 1505.726073 1501.122342 4.637339
42 24 1491.563875 1486.539886 5.054804
42 23 1506.905320 1501.747243 5.188096
42 15 1503.750111 1498.092602 5.684891
42 31 1501.015119 1507.377863 6.387103
42 21 1505.645663 1499.192130 6.477551
42 22 1502.807010 1496.318309 6.512589
42 4 1497.884901 1505.071475 7.208150
42 37 1502.237778 1494.157080 8.099892
42 0 1492.617534 1500.783258 8.184719
42 49 1499.038534 1499.595828 8.499729
42 48 1495.688655 1504.170095 8.499729
42 30 1489.718023 1499.570972 9.868697
42 32 1495.368671 1505.273738 9.920732
42 2 1509.837675 1498.966269 10.885681
42 8 1516.402075 1505.438237 10.977993
42 47 1459.415680 1471.852362 12.449162
42 20 1510.418726 1497.479604 12.951118
42 33 1506.916532 1493.261851 13.666049
42 19 1485.914695 1499.661734 13.758330
42 43 1496.437092 1482.321424 14.126665
42 3 1484.890906 1500.525712 15.644735
42 25 1479.170877 1494.953057 15.792016
42 39 1477.814909 1494.240436 16.434978
42 36 1487.349056 1504.588675 17.248624
42 9 1501.319577 1483.199764 18.128381
42 34 1512.479611 1493.644405 18.843449
42 42 1455.014664 1474.269901 19.263300
42 11 1503.798425 1480.632723 23.172404
42 41 1476.607946 1501.218558 24.616921
42 6 1514.321313 1476.302990 38.022407
42 14 1509.958133 1454.802822 55.158126
42 40 1464.940193 1540.551300 75.613161
42 38 1532.987720 1452.039135 80.950503
42 18 1511.020237 1592.737099 81.718762
42 10 1458.934864 1544.977650 86.044591
42 46 1302.308411 1518.197605 215.889913
42 13 2057.032471 1622.389725 434.643103
42 29 629.913757 1941.185211 1311.271572
43 44 1500.918817 1500.459475 0.722199
43 12 1499.837395 1499.361530 0.732819
43 16 1501.210787 1501.890500 0.878969
43 5 1501.258454 1500.223665 1.175315
43 7 1495.618958 1497.046181 1.532169
43 27 1511.729753 1509.916344 1.897111
43 35 1504.065045 1501.424491 2.698722
43 17 1493.066290 1495.958347 2.945262
43 26 1501.261304 1504.342039 3.130735
43 28 1507.539827 1504.272497 3.314517
43 1 1505.100842 1501.521858 3.622113
43 45 1505.726073 1501.122342 4.637339
43 24 1491.563875 1486.539886 5.054804
43 23 1506.905320 1501.747243 5.188096
43 15 1503.750111 1498.092602 5.684891
43 31 1501.015119 1507.377863 6.387103
43 21 1505.645663 1499.192130 6.477551
43 22 1502.807010 1496.318309 6.512589
43 4 1497.884901 1505.071475 7.208150
43 37 1502.237778 1494.157080 8.099892
43 0 1492.617534 1500.783258 8.184719
43 49 1499.038534 1499.595828 8.499729
43 48 1495.688655 1504.170095 8.499729
43 30 1489.718023 1499.570972 9.868697
43 32 1495.368671 1505.273738 9.920732
43 2 1509.837675 1498.966269 10.885681
43 8 1516.402075 1505.438237 10.977993
43 47 1459.415680 1471.852362 12.449162
43 20 1510.418726 1497.479604 12.951118
43 33 1506.916532 1493.261851 13.666049
43 19 1485.914695 1499.661734 13.758330
43 43 1496.437092 1482.321424 14.126665
43 3 1484.890906 1500.525712 15.644735
43 25 1479.170877 1494.953057 15.792016
43 39 1477.814909 1494.240436 16.434978
43 36 1487.349056 1504.588675 17.248624
43 9 1501.319577 1483.199764 18.128381
43 34 1512.479611 1493.644405 18.843449
43 42 1455.014664 1474.269901 19.263300
43 11 1503.798425 1480.632723 23.172404
43 41 1476.607946 1501.218558 24.616921
43 6 1514.321313 1476.302990 38.022407
43 14 1509.958133 1454.802822 55.158126
43 40 1464.940193 1540.551300 75.613161
43 38 1532.987720 1452.039135 80.950503
43 18 1511.020237 1592.737099 81.718762
43 10 1458.934864 1544.977650 86.044591
43 46 1302.308411 1518.197605 215.889913
43 13 2057.032471 1622.389725 434.643103
43 29 629.913757 1941.185211 1311.271572
44 44 1500.918817 1500.459475 0.722199
44 12 1499.837395 1499.361530 0.732819
44 16 1501.210787 1501.890500 0.878969
44 5 1501.258454 1500.223665 1.175315
44 7 1495.618958 1497.046181 1.532169
44 27 1511.729753 1509.916344 1.897111
44 35 1504.065045 1501.424491 2.698722
44 17 1493.066290 1495.958347 2.945262
44 26 1501.261304 1504.342039 3.130735
44 28 1507.539827 1504.272497 3.314517
44 1 1505.100842 1501.521858 3.622113
44 45 1505.726073 1501.122342 4.637339
44 24 1491.563875 1486.539886 5.054804
44 23 1506.905320 1501.747243 5.188096
44 15 1503.750111 1498.092602 5.684891
44 31 1501.015119 1507.377863 6.387103
44 21 1505.645663 1499.192130 6.477551
44 22 1502.807010 1496.318309 6.512589
44 4 1497.884901 1505.071475 7.208150
44 37 1502.237778 1494.157080 8.099892
44 0 1492.617534 1500.783258 8.184719
44 49 1499.038534 1499.595828 8.499729
44 48 1495.688655 1504.170095 8.499729
44 30 1489.718023 1499.570972 9.868697
44 32 1495.368671 1505.273738 9.920732
44 2 1509.837675 1498.966269 10.885681
44 8 1516.402075 1505.438237 10.977993
44 47 1459.415680 1471.852362 12.449162
44 20 1510.418726 1497.479604 12.951118
44 33 1506.916532 1493.261851 13.666049
44 19 1485.914695 1499.661734 13.758330
44 43 1496.437092 1482.321424 14.126665
44 3 1484.890906 1500.525712 15.644735
44 25 1479.170877 1494.953057 15.792016
44 39 1477.814909 1494.240436 16.434978
44 36 1487.349056 1504.588675 17.248624
44 9 1501.319577 1483.199764 18.128381
44 34 1512.479611 1493.644405 18.843449
44 42 1455.014664 1474.269901 19.263300
44 11 1503.798425 1480.632723 23.172404
44 41 1476.607946 1501.218558 24.616921
44 6 1514.321313 1476.302990 38.022407
44 14 1509.958133 1454.802822 55.158126
44 40 1464.940193 1540.551300 75.613161
44 38 1532.987720 1452.039135 80.950503
44 18 1511.020237 1592.737099 81.718762
44 10 1458.934864 1544.977650 86.044591
44 46 1302.308411 1518.197605 215.889913
44 13 2057.032471 1622.389725 434.643103
44 29 629.913757 1941.185211 1311.271572
45 44 1500.918817 1500.459475 0.722199
45 12 1499.837395 1499.361530 0.732819
45 16 1501.210787 1501.890500 0.878969
45 5 1501.258454 1500.223665 1.175315
45 7 1495.618958 1497.046181 1.532169
45 27 1511.729753 1509.916344 1.897111
45 35 1504.065045 1501.424491 2.698722
45 17 1493.066290 1495.958347 2.945262
45 26 1501.261304 1504.342039 3.130735
45 28 1507.539827 1504.272497 3.314517
45 1 1505.100842 1501.521858 3.622113
45 45 1505.726073 1501.122342 4.637339
45 24 1491.563875 1486.539886 5.054804
45 23 1506.905320 1501.747243 5.188096
45 15 1503.750111 1498.092602 5.684891
45 31 1501.015119 1507.377863 6.387103
45 21 1505.645663 1499.192130 6.477551
45 22 1502.807010 1496.318309 6.512589
45 4 1497.884901 1505.071475 7.208150
45 37 1502.237778 1494.157080 8.099892
45 0 1492.617534 1500.783258 8.184719
45 49 1499.038534 1499.595828 8.499729
45 48 1495.688655 1504.170095 8.499729
45 30 1489.718023 1499.570972 9.868697
45 32 1495.368671 1505.273738 9.920732
45 2 1509.837675 1498.966269 10.885681
45 8 1516.402075 1505.438237 10.977993
45 47 1459.415680 1471.852362 12.449162
45 20 1510.418726 1497.479604 12.951118
45 33 1506.916532 1493.261851 13.666049
45 19 1485.914695 1499.661734 13.758330
45 43 1496.437092 1482.321424 14.126665
45 3 1484.890906 1500.525712 15.644735
45 25 1479.170877 1494.953057 15.792016
45 39 1477.814909 1494.240436 16.434978
45 36 1487.349056 1504.588675 17.248624
45 9 1501.319577 1483.199764 18.128381
45 34 1512.479611 1493.644405 18.843449
45 42 1455.014664 1474.269901 19.263300
45 11 1503.798425 1480.632723 23.172404
45 41 1476.607946 1501.218558 24.616921
45 6 1514.321313 1476.302990 38.022407
45 14 1509.958133 1454.802822 55.158126
45 40 1464.940193 1540.551300 75.613161
45 38 1532.987720 1452.039135 80.950503
45 18 1511.020237 1592.737099 81.718762
45 10 1458.934864 1544.977650 86.044591
45 46 1302.308411 1518.197605 215.889913
45 13 2057.032471 1622.389725 434.643103
45 29 629.913757 1941.185211 1311.271572
46 44 1500.918817 1500.459475 0.722199
46 12 1499.837395 1499.361530 0.732819
46 16 1501.210787 1501.890500 0.878969
46 5 1501.258454 1500.223665 1.175315
46 7 1495.618958 1497.046181 1.532169
46 27 1511.729753 1509.916344 1.897111
46 35 1504.065045 1501.424491 2.698722
46 17 1493.066290 1495.958347 2.945262
46 26 1501.261304 1504.342039 3.130735
46 28 1507.539827 1504.272497 3.314517
46 1 1505.100842 1501.521858 3.622113
46 45 1505.726073 1501.122342 4.637339
46 24 1491.563875 1486.539886 5.054804
46 23 1506.905320 1501.747243 5.188096
46 15 1503.750111 1498.092602 5.684891
46 31 1501.015119 1507.377863 6.387103
46 21 1505.645663 1499.192130 6.477551
46 22 1502.807010 1496.318309 6.512589
46 4 1497.884901 1505.071475 7.208150
46 37 1502.237778 1494.157080 8.099892
46 0 1492.617534 1500.783258 8.184719
46 49 1499.038534 1499.595828 8.499729
46 48 1495.688655 1504.170095 8.499729
46 30 1489.718023 1499.570972 9.868697
46 32 1495.368671 1505.273738 9.920732
46 2 1509.837675 1498.966269 10.885681
46 8 1516.402075 1505.438237 10.977993
46 47 1459.415680 1471.852362 12.449162
46 20 1510.418726 1497.479604 12.951118
46 33 1506.916532 1493.261851 13.666049
46 19 1485.914695 1499.661734 13.758330
46 43 1496.437092 1482.321424 14.126665
46 3 1484.890906 1500.525712 15.644735
46 25 1479.170877 1494.953057 15.792016
46 39 1477.814909 1494.240436 16.434978
46 36 1487.349056 1504.588675 17.248624
46 9 1501.319577 1483.199764 18.128381
46 34 1512.479611 1493.644405 18.843449
46 42 1455.014664 1474.269901 19.263300
46 11 1503.798425 1480.632723 23.172404
46 41 1476.607946 1501.218558 24.616921
46 6 1514.321313 1476.302990 38.022407
46 14 1509.958133 1454.802822 55.158126
46 40 1464.940193 1540.551300 75.613161
46 38 1532.987720 1452.039135 80.950503
46 18 1511.020237 1592.737099 81.718762
46 10 1458.934864 1544.977650 86.044591
46 46 1302.308411 1518.197605 215.889913
46 13 2057.032471 1622.389725 434.643103
46 29 629.913757 1941.185211 1311.271572
47 44 1500.918817 1500.459475 0.722199
47 12 1499.837395 1499.361530 0.732819
47 16 1501.210787 1501.890500 0.878969
47 5 1501.258454 1500.223665 1.175315
47 7 1495.618958 1497.046181 1.532169
47 27 1511.729753 1509.916344 1.897111
47 35 1504.065045 1501.424491 2.698722
47 17 1493.066290 1495.958347 2.945262
47 26 1501.261304 1504.342039 3.130735
47 28 1507.539827 1504.272497 3.314517
47 1 1505.100842 1501.521858 3.622113
47 45 1505.726073 1501.122342 4.637339
47 24 1491.563875 1486.539886 5.054804
47 23 1506.905320 1501.747243 5.188096
47 15 1503.750111 1498.092602 5.684891
47 31 1501.015119 1507.377863 6.387103
47 21 1505.645663 1499.192130 6.477551
47 22 1502.807010 1496.318309 6.512589
47 4 1497.884901 1505.071475 7.208150
47 37 1502.237778 1494.157080 8.099892
47 0 1492.617534 1500.783258 8.184719
47 49 1499.038534 1499.595828 8.499729
47 48 1495.688655 1504.170095 8.499729
47 30 1489.718023 1499.570972 9.868697
47 32 1495.368671 1505.273738 9.920732
47 2 1509.837675 1498.966269 10.885681
47 8 1516.402075 1505.438237 10.977993
47 47 1459.415680 1471.852362 12.449162
47 20 1510.418726 1497.479604 12.951118
47 33 1506.916532 1493.261851 13.666049
47 19 1485.914695 1499.661734 13.758330
47 43 1496.437092 1482.321424 14.126665
47 3 1484.890906 1500.525712 15.644735
47 25 1479.170877 1494.953057 15.792016
47 39 1477.814909 1494.240436 16.434978
47 36 1487.349056 1504.588675 17.248624
47 9 1501.319577 1483.199764 18.128381
47 34 1512.479611 1493.644405 18.843449
47 42 1455.014664 1474.269901 19.263300
47 11 1503.798425 1480.632723 23.172404
47 41 1476.607946 1501.218558 24.616921
47 6 1514.321313 1476.302990 38.022407
47 14 1509.958133 1454.802822 55.158126
47 40 1464.940193 1540.551300 75.613161
47 38 1532.987720 1452.039135 80.950503
47 18 1511.020237 1592.737099 81.718762
47 10 1458.934864 1544.977650 86.044591
47 46 1302.308411 1518.197605 215.889913
47 13 2057.032471 1622.389725 434.643103
47 29 629.913757 1941.185211 1311.271572
48 44 1500.918817 1500.459475 0.722199
48 12 1499.837395 1499.361530 0.732819
48 16 1501.210787 1501.890500 0.878969
48 5 1501.258454 1500.223665 1.175315
48 7 1495.618958 1497.046181 1.532169
48 27 1511.729753 1509.916344 1.897111
48 35 1504.065045 1501.424491 2.698722
48 17 1493.066290 1495.958347 2.945262
48 26 1501.261304 1504.342039 3.130735
48 28 1507.539827 1504.272497 3.314517
48 1 1505.100842 1501.521858 3.622113
48 45 1505.726073 1501.122342 4.637339
48 24 1491.563875 1486.539886 5.054804
48 23 1506.905320 1501.747243 5.188096
48 15 1503.750111 1498.092602 5.684891
48 31 1501.015119 1507.377863 6.387103
48 21 1505.645663 1499.192130 6.477551
48 22 1502.807010 1496.318309 6.512589
48 4 1497.884901 1505.071475 7.208150
48 37 1502.237778 1494.157080 8.099892
48 0 1492.617534 1500.783258 8.184719
48 49 1499.038534 1499.595828 8.499729
48 48 1495.688655 1504.170095 8.499729
48 30 1489.718023 1499.570972 9.868697
48 32 1495.368671 1505.273738 9.920732
48 2 1509.837675 1498.966269 10.885681
48 8 1516.402075 1505.438237 10.977993
48 47 1459.415680 1471.852362 12.449162
48 20 1510.418726 1497.479604 12.951118
48 33 1506.916532 1493.261851 13.666049
48 19 1485.914695 1499.661734 13.758330
48 43 1496.437092 1482.321424 14.126665
48 3 1484.890906 1500.525712 15.644735
48 25 1479.170877 1494.953057 15.792016
48 39 1477.814909 1494.240436 16.434978
48 36 1487.349056 1504.588675 17.248624
48 9 1501.319577 1483.199764 18.128381
48 34 1512.479611 1493.644405 18.843449
48 42 1455.014664 1474.269901 19.263300
48 11 1503.798425 1480.632723 23.172404
48 41 1476.607946 1501.218558 24.616921
48 6 1514.321313 1476.302990 38.022407
48 14 1509.958133 1454.802822 55.158126
48 40 1464.940193 1540.551300 75.613161
48 38 1532.987720 1452.039135 80.950503
48 18 1511.020237 1592.737099 81.718762
48 10 1458.934864 1544.977650 86.044591
48 46 1302.308411 1518.197605 215.889913
48 13 2057.032471 1622.389725 434.643103
48 29 629.913757 1941.185211 1311.271572
49 44 1500.918817 1500.459475 0.722199
49 12 1499.837395 1499.361530 0.732819
49 16 1501.210787 1501.890500 0.878969
49 5 1501.258454 1500.223665 1.175315
49 7 1495.618958 1497.046181 1.532169
49 27 1511.729753 1509.916344 1.897111
49 35 1504.065045 1501.424491 2.698722
49 17 1493.066290 1495.958347 2.945262
49 26 1501.261304 1504.342039 3.130735
49 28 1507.539827 1504.272497 3.314517
49 1 1505.100842 1501.521858 3.622113
49 45 1505.726073 1501.122342 4.637339
49 24 1491.563875 1486.539886 5.054804
49 23 1506.905320 1501.747243 5.188096
49 15 1503.750111 1498.092602 5.684891
49 31 1501.015119 1507.377863 6.387103
49 21 1505.645663 1499.192130 6.477551
49 22 1502.807010 1496.318309 6.512589
49 4 1497.884901 1505.071475 7.208150
49 37 1502.237778 1494.157080 8.099892
49 0 1492.617534 1500.783258 8.184719
49 49 1499.038534 1499.595828 8.499729
49 48 1495.688655 1504.170095 8.499729
49 30 1489.718023 1499.570972 9.868697
49 32 1495.368671 1505.273738 9.920732
49 2 1509.837675 1498.966269 10.885681
49 8 1516.402075 1505.438237 10.977993
49 47 1459.415680 1471.852362 12.449162
49 20 1510.418726 1497.479604 12.951118
49 33 1506.916532 1493.261851 13.666049
49 19 1485.914695 1499.661734 13.758330
49 43 1496.437092 1482.321424 14.126665
49 3 1484.890906 1500.525712 15.644735
49 25 1479.170877 1494.953057 15.792016
49 39 1477.814909 1494.240436 16.434978
49 36 1487.349056 1504.588675 17.248624
49 9 1501.319577 1483.199764 18.128381
49 34 1512.479611 1493.644405 18.843449
49 42 1455.014664 1474.269901 19.263300
49 11 1503.798425 1480.632723 23.172404
49 41 1476.607946 1501.218558 24.616921
49 6 1514.321313 1476.302990 38.022407
49 14 1509.958133 1454.802822 55.158126
49 40 1464.940193 1540.551300 75.613161
49 38 1532.987720 1452.039135 80.950503
49 18 1511.020237 1592.737099 81.718762
49 10 1458.934864 1544.977650 86.044591
49 46 1302.308411 1518.197605 215.889913
49 13 2057.032471 1622.389725 434.643103
49 29 629.913757 1941.185211 1311.271572
